6107,Head,-0.0051,0.99409,0.10843,0,0.00738,-0.10839,0.99408,0,0.99996,0.00587,-0.00678,0,-0.44516,155.55172,5.19095,1
6107,L_Calf,-0.0224,-0.79473,-0.60655,0,-0.0268,-0.60601,0.79501,0,-0.99939,0.03406,-0.00773,0,7.24933,48.37309,-2.11774,1
6107,L_Clavicle,0.94789,-0.29336,0.12431,0,0.16265,0.11006,-0.98053,0,0.27396,0.94965,0.15203,0,3.74792,144.34392,3.35017,1
6107,L_Finger0,-0.55263,-0.63058,0.54496,0,0.51152,-0.77285,-0.37556,0,0.65799,0.07121,0.74965,0,22.34656,89.18777,27.73841,1
6107,L_Finger01,-0.2515,-0.91757,0.30791,0,0.70978,-0.39114,-0.58585,0,0.65799,0.07121,0.74965,0,19.32185,85.7364,30.72116,1
6107,L_Finger1,-0.27495,-0.85224,0.44507,0,-0.59199,-0.2147,-0.77682,0,0.75759,-0.47707,-0.44549,0,24.21765,84.54086,32.16815,1
6107,L_Finger2,-0.18306,-0.90566,0.38245,0,-0.59524,-0.2075,-0.77629,0,0.78242,-0.36976,-0.5011,0,26.23462,83.78838,31.5055,1
6107,L_Finger3,-0.11013,-0.93518,0.33661,0,-0.59446,-0.20944,-0.77637,0,0.79655,-0.28561,-0.53286,0,28.11414,82.99863,30.54307,1
6107,L_Finger4,-0.08902,-0.94241,0.3224,0,-0.59414,-0.20954,-0.77659,0,0.79942,-0.26068,-0.54127,0,29.7369,82.12483,29.24178,1
6107,L_Finger11,-0.52934,-0.84837,0.00832,0,-0.38191,0.22951,-0.89525,0,0.75759,-0.47707,-0.44549,0,22.88147,80.39921,34.33107,1
6107,L_Finger21,-0.48146,-0.86952,-0.11013,0,-0.395,0.32742,-0.85835,0,0.78242,-0.36976,-0.5011,0,25.22441,78.79054,33.61602,1
6107,L_Finger31,-0.43862,-0.87959,-0.18422,0,-0.41608,0.38046,-0.82591,0,0.79655,-0.28561,-0.53286,0,27.58216,78.48134,32.16906,1
6107,L_Finger41,-0.40213,-0.90155,-0.15972,0,-0.44634,0.34534,-0.82554,0,0.79942,-0.26068,-0.54127,0,29.42144,78.78534,30.3842,1
6107,L_Foot,-0.0628,-0.84922,-0.52429,0,0.09316,-0.52802,0.8441,0,-0.99367,0.00416,0.11227,0,6.30387,14.82454,-27.72258,1
6107,L_Forearm,0.00233,-0.80411,0.59448,0,0.56721,-0.48854,-0.66303,0,0.82357,0.33874,0.45496,0,26.75712,113.71735,8.08166,1
6107,L_Hand,0.00607,-0.80009,0.59985,0,-0.6221,-0.47267,-0.62416,0,0.78291,-0.36938,-0.50061,0,26.8231,90.92107,24.935,1
6107,L_Thigh,-0.0328,-0.9913,-0.12743,0,-0.012,-0.1271,0.99182,0,-0.99939,0.03406,-0.00773,0,8.52785,87.01258,2.84944,1
6107,L_Toe0,0.11172,-0.06898,0.99134,0,0.01187,0.99761,0.06808,0,-0.99367,0.00416,0.11227,0,6.97026,1.6865,-21.33747,1
6107,L_UpperArm,0.32858,-0.93872,0.10413,0,0.46235,0.06374,-0.8844,0,0.82357,0.33874,0.45496,0,17.52995,140.07859,5.15758,1
6107,Neck,-0.02844,0.98469,0.17201,0,-0.16754,-0.17434,0.97033,0,0.98546,-0.00122,0.16993,0,-0.15224,145.40885,3.41919,1
6107,Pelvis,-0.06668,0.99777,0.00034,0,-0.08263,-0.00586,0.99656,0,0.99435,0.06642,0.08283,0,0.05504,86.44663,2.14353,1
6107,R_Calf,0.02908,-0.98845,0.14874,0,-0.11934,0.14431,0.98231,0,-0.99243,-0.04632,-0.11376,0,-9.23656,52.8096,22.05208,1
6107,R_Clavicle,-0.97526,-0.13083,-0.17821,0,0.16438,0.1099,-0.98026,0,0.14783,-0.98529,-0.08567,0,-3.96363,144.99284,2.13478,1
6107,R_Finger0,0.48619,-0.87076,0.07342,0,-0.17171,-0.17758,-0.96901,0,0.85682,0.45852,-0.23585,0,-18.5118,86.41413,-13.27996,1
6107,R_Finger01,0.35172,-0.8542,-0.38292,0,-0.37704,0.24514,-0.89317,0,0.85682,0.45852,-0.23585,0,-15.85068,81.64815,-12.87811,1
6107,R_Finger1,0.32225,-0.91229,-0.25274,0,0.8359,0.39953,-0.37635,0,0.44432,-0.08999,0.89134,0,-20.55065,80.21644,-14.74592,1
6107,R_Finger2,0.27087,-0.8918,-0.36239,0,0.83714,0.40408,-0.36866,0,0.47521,-0.20352,0.85601,0,-22.02119,80.40189,-16.44198,1
6107,R_Finger3,0.22678,-0.86974,-0.43832,0,0.83714,0.40408,-0.36866,0,0.49776,-0.28333,0.81973,0,-23.26192,80.77478,-18.287,1
6107,R_Finger4,0.21361,-0.86198,-0.45974,0,0.83714,0.40408,-0.36866,0,0.50355,-0.30611,0.80792,0,-24.13984,81.3228,-20.29179,1
6107,R_Finger11,0.70213,-0.58297,-0.40886,0,0.55642,0.80749,-0.19584,0,0.44432,-0.08999,0.89134,0,-18.98463,75.78295,-15.97416,1
6107,R_Finger21,0.69819,-0.50484,-0.50762,0,0.53545,0.83888,-0.09781,0,0.47521,-0.20352,0.85601,0,-20.52642,75.48056,-18.44183,1
6107,R_Finger31,0.68458,-0.45197,-0.57191,0,0.53253,0.84584,-0.03101,0,0.49776,-0.28333,0.81973,0,-22.16647,76.57359,-20.40427,1
6107,R_Finger41,0.64965,-0.48231,-0.58765,0,0.56955,0.82078,-0.044,0,0.50355,-0.30611,0.80792,0,-23.3829,78.26832,-21.9209,1
6107,R_Foot,0.01222,-0.96934,0.24541,0,0.05386,0.24571,0.96785,0,-0.99847,0.00139,0.05521,0,-8.00878,11.08342,28.33105,1
6107,R_Forearm,-0.08283,-0.99421,-0.0685,0,0.04231,0.06517,-0.99698,0,0.99567,-0.08548,0.03667,0,-19.7986,118.24396,-13.43769,1
6107,R_Hand,-0.00886,-0.97394,-0.22663,0,0.87945,0.10027,-0.46531,0,0.47591,-0.20344,0.85564,0,-22.14679,90.05843,-15.37965,1
6107,R_Thigh,-0.02102,-0.84845,0.52886,0,-0.12102,0.52725,0.84105,0,-0.99243,-0.04632,-0.11376,0,-8.41708,85.8807,1.43782,1
6107,R_Toe0,0.05385,0.2467,0.9676,0,-0.01228,0.96909,-0.24639,0,-0.99847,0.00139,0.05521,0,-7.24659,6.59808,42.2279,1
6107,R_UpperArm,-0.05893,-0.88478,-0.46226,0,0.07196,0.4581,-0.88599,0,0.99567,-0.08548,0.03667,0,-18.1436,143.09055,-0.45638,1
6107,Spine,-0.0395,0.99741,0.06012,0,-0.05525,-0.06225,0.99653,0,0.99769,0.03604,0.05756,0,-0.7837,99.4711,-0.7802,1
6107,Spine1,0.01621,0.99561,0.09215,0,-0.07328,-0.09074,0.99318,0,0.99718,-0.02285,0.07148,0,-1.39092,114.82873,0.13321,1
6107,Spine2,0.06402,0.99039,0.12257,0,-0.16381,-0.11072,0.98026,0,0.98441,-0.08284,0.15515,0,-1.13934,130.15893,1.54004,1
6108,Head,0.00066,0.99373,0.11184,0,0.00726,-0.11184,0.9937,0,0.99997,0.00016,-0.00729,0,-0.76266,154.94466,8.90866,1
6108,L_Calf,-0.02395,-0.75423,-0.65617,0,-0.01135,-0.65611,0.75458,0,-0.99965,0.02552,0.00715,0,7.46069,47.71185,1.32398,1
6108,L_Clavicle,0.95535,-0.27372,0.11133,0,0.14493,0.1057,-0.98378,0,0.25751,0.95598,0.14065,0,3.4756,143.80176,7.06404,1
6108,L_Finger0,-0.53985,-0.64129,0.54525,0,0.50145,-0.76528,-0.4036,0,0.6761,0.05553,0.73472,0,22.29603,88.61055,30.6223,1
6108,L_Finger01,-0.24684,-0.92246,0.29687,0,0.69423,-0.38207,-0.60997,0,0.6761,0.05553,0.73472,0,19.34123,85.10051,33.60666,1
6108,L_Finger1,-0.27608,-0.86169,0.42575,0,-0.6083,-0.18631,-0.77153,0,0.74414,-0.47199,-0.47273,0,24.24768,83.88161,34.92877,1
6108,L_Finger2,-0.18778,-0.91375,0.36027,0,-0.6119,-0.17809,-0.77062,0,0.76832,-0.36515,-0.52569,0,26.24432,83.13049,34.20577,1
6108,L_Finger3,-0.11753,-0.94303,0.31125,0,-0.6119,-0.17809,-0.77062,0,0.78215,-0.28102,-0.55611,0,28.09625,82.34778,33.18582,1
6108,L_Finger4,-0.09691,-0.9501,0.29651,0,-0.6119,-0.17809,-0.77062,0,0.78497,-0.25612,-0.56411,0,29.68297,81.48789,31.83188,1
6108,L_Finger11,-0.54677,-0.83691,-0.02508,0,-0.38379,0.27714,-0.88085,0,0.74414,-0.47199,-0.47273,0,22.90598,79.69403,36.99781,1
6108,L_Finger21,-0.50193,-0.85337,-0.14083,0,-0.39718,0.37206,-0.83894,0,0.76832,-0.36515,-0.52569,0,25.20807,78.08799,36.19388,1
6108,L_Finger31,-0.46184,-0.86059,-0.21468,0,-0.41826,0.42475,-0.8029,0,0.78215,-0.28102,-0.55611,0,27.52855,77.79255,34.68928,1
6108,L_Finger41,-0.42601,-0.88425,-0.19134,0,-0.44981,0.39052,-0.80322,0,0.78497,-0.25612,-0.56411,0,29.33957,78.12116,32.88258,1
6108,L_Foot,-0.07728,-0.7857,-0.61376,0,0.09519,-0.61861,0.77991,0,-0.99245,0.00185,0.1226,0,6.44977,15.87278,-26.37544,1
6108,L_Forearm,0.01098,-0.81054,0.58557,0,0.54503,-0.48612,-0.6831,0,0.83834,0.32666,0.43643,0,26.40224,113.34728,11.14086,1
6108,L_Hand,0.01616,-0.80997,0.58624,0,-0.63925,-0.45921,-0.61684,0,0.76883,-0.36479,-0.5252,0,26.71356,90.36854,27.74175,1
6108,L_Thigh,-0.02627,-0.98966,-0.14099,0,0.00348,-0.14113,0.98999,0,-0.99965,0.02552,0.00715,0,8.48466,86.28733,6.81944,1
6108,L_Toe0,0.11971,-0.20164,0.97212,0,0.02652,0.97946,0.19989,0,-0.99245,0.00185,0.1226,0,7.02876,2.10592,-21.48055,1
6108,L_UpperArm,0.32178,-0.94276,0.08753,0,0.44005,0.06705,-0.89547,0,0.83834,0.32666,0.43643,0,17.36607,139.82201,8.68282,1
6108,Neck,-0.03112,0.98553,0.16662,0,-0.14763,-0.1694,0.97443,0,0.98855,0.00573,0.15077,0,-0.44207,144.79309,7.19238,1
6108,Pelvis,-0.05895,0.99826,-0.002,0,-0.06966,-0.00212,0.99757,0,0.99583,0.05895,0.06967,0,0,85.78508,6.22583,1
6108,R_Calf,0.03465,-0.99887,0.03247,0,-0.09967,0.02888,0.9946,0,-0.99442,-0.0377,-0.09855,0,-9.30705,52.38078,26.51515,1
6108,R_Clavicle,-0.97604,-0.14784,-0.15968,0,0.14493,0.1057,-0.98378,0,0.16232,-0.98335,-0.08174,0,-4.26589,144.29555,5.9766,1
6108,R_Finger0,0.47211,-0.87841,0.07417,0,-0.18923,-0.18316,-0.9647,0,0.86099,0.44141,-0.2527,0,-19.87173,85.18965,-8.11532,1
6108,R_Finger01,0.33113,-0.86357,-0.38026,0,-0.38607,0.24372,-0.88969,0,0.86099,0.44141,-0.2527,0,-17.2877,80.38179,-7.70935,1
6108,R_Finger1,0.30737,-0.91876,-0.24779,0,0.83572,0.38516,-0.39145,0,0.45509,-0.08677,0.88621,0,-22.00411,79.00172,-9.48635,1
6108,R_Finger2,0.25536,-0.89894,-0.35595,0,0.83711,0.38978,-0.38382,0,0.48377,-0.19996,0.85204,0,-23.49417,79.18661,-11.16534,1
6108,R_Finger3,0.21056,-0.87717,-0.43155,0,0.83711,0.38978,-0.38382,0,0.50489,-0.28044,0.81636,0,-24.75413,79.55449,-12.9983,1
6108,R_Finger4,0.1972,-0.86949,-0.45288,0,0.83711,0.38978,-0.38382,0,0.51025,-0.30342,0.80473,0,-25.65129,80.09132,-14.9976,1
6108,R_Finger11,0.68921,-0.59584,-0.41226,0,0.56381,0.7984,-0.21136,0,0.45509,-0.08677,0.88621,0,-20.5104,74.53679,-10.69054,1
6108,R_Finger21,0.6854,-0.51883,-0.51092,0,0.54423,0.83116,-0.11395,0,0.48377,-0.19996,0.85204,0,-22.085,74.22587,-13.12965,1
6108,R_Finger31,0.6716,-0.46651,-0.57561,0,0.54226,0.83888,-0.04719,0,0.50489,-0.28044,0.81636,0,-23.73704,75.3174,-15.08285,1
6108,R_Finger41,0.63611,-0.49659,-0.59057,0,0.57881,0.81323,-0.06038,0,0.51025,-0.30342,0.80473,0,-24.95248,77.01022,-16.60239,1
6108,R_Foot,0.00796,-0.98763,0.15663,0,0.0501,0.15683,0.98635,0,-0.99871,0,0.05073,0,-7.8445,10.21458,27.88597,1
6108,R_Forearm,-0.0972,-0.99384,-0.05325,0,0.02139,0.0514,-0.99845,0,0.99503,-0.09819,0.01627,0,-20.7337,117.03008,-8.69885,1
6108,R_Hand,-0.02356,-0.97617,-0.21571,0,0.87449,0.08444,-0.47764,0,0.48447,-0.19989,0.85166,0,-23.48937,88.85497,-10.20837,1
6108,R_Thigh,-0.0211,-0.84411,0.53576,0,-0.10339,0.53484,0.8386,0,-0.99442,-0.0377,-0.09855,0,-8.48466,85.28282,5.63224,1
6108,R_Toe0,0.0501,0.15683,0.98635,0,-0.00796,0.98763,-0.15663,0,-0.99871,0,0.05073,0,-7.16202,4.4861,41.3225,1
6108,R_UpperArm,-0.08107,-0.89437,-0.43992,0,0.05774,0.43641,-0.89789,0,0.99503,-0.09819,0.01627,0,-18.45719,142.14597,3.65493,1
6108,Spine,-0.03757,0.99774,0.05571,0,-0.0457,-0.0574,0.9973,0,0.99825,0.03493,0.04775,0,-0.70576,98.81122,3.27641,1
6108,Spine1,0.00723,0.99624,0.08634,0,-0.05966,-0.08576,0.99453,0,0.99819,-0.01234,0.05882,0,-1.28354,114.17386,4.1219,1
6108,Spine2,0.04723,0.99231,0.11439,0,-0.14497,-0.10649,0.98369,0,0.98831,-0.06304,0.13883,0,-1.17041,129.51366,5.43921,1
6109,Head,0.00688,0.99326,0.11566,0,0.00577,-0.1157,0.99327,0,0.99996,-0.00617,-0.00653,0,-0.99135,154.34892,12.54151,1
6109,L_Calf,-0.02525,-0.70708,-0.70668,0,-0.00232,-0.70686,0.70735,0,-0.99968,0.0195,0.0162,0,7.64676,47.09303,4.80704,1
6109,L_Clavicle,0.96067,-0.25881,0.10068,0,0.13102,0.10275,-0.98604,0,0.24486,0.96045,0.13262,0,3.27942,143.25954,10.68414,1
6109,L_Finger0,-0.53371,-0.64517,0.54673,0,0.48974,-0.76286,-0.42215,0,0.68943,0.04245,0.72311,0,22.15429,88.0155,33.59242,1
6109,L_Finger01,-0.24681,-0.92478,0.2896,0,0.68101,-0.37813,-0.6271,0,0.68943,0.04245,0.72311,0,19.23313,84.48423,36.58483,1
6109,L_Finger1,-0.27339,-0.86549,0.41974,0,-0.62306,-0.17312,-0.76278,0,0.73284,-0.47006,-0.49192,0,24.15532,83.2215,37.8032,1
6109,L_Finger2,-0.18657,-0.91721,0.35203,0,-0.62659,-0.16489,-0.7617,0,0.75668,-0.36269,-0.54395,0,26.13436,82.46859,37.03509,1
6109,L_Finger3,-0.11738,-0.94625,0.3014,0,-0.62659,-0.16489,-0.7617,0,0.77046,-0.27826,-0.57356,0,27.96322,81.68867,35.97228,1
6109,L_Finger4,-0.09707,-0.95324,0.2862,0,-0.62659,-0.16489,-0.7617,0,0.77328,-0.25327,-0.58129,0,29.52051,80.83727,34.57936,1
6109,L_Finger11,-0.55194,-0.83348,-0.02581,0,-0.39787,0.29043,-0.87026,0,0.73284,-0.47006,-0.49192,0,22.82672,79.01546,39.84303,1
6109,L_Finger21,-0.50927,-0.84872,-0.14254,0,-0.40996,0.38488,-0.82692,0,0.75668,-0.36269,-0.54395,0,25.10478,77.40704,38.97775,1
6109,L_Finger31,-0.47056,-0.85522,-0.21719,0,-0.43008,0.43723,-0.78985,0,0.77046,-0.27826,-0.57356,0,27.39624,77.11791,37.42814,1
6109,L_Finger41,-0.43445,-0.87938,-0.1948,0,-0.46184,0.40318,-0.79004,0,0.77328,-0.25327,-0.58129,0,29.17655,77.45941,35.59353,1
6109,L_Foot,-0.09094,-0.69083,-0.71728,0,0.08195,-0.72301,0.68596,0,-0.99248,0.0036,0.12237,0,6.58096,17.24427,-25.02451,1
6109,L_Forearm,0.01669,-0.81592,0.57793,0,0.52572,-0.4845,-0.6992,0,0.8505,0.3155,0.42085,0,26.05655,112.9165,14.27127,1
6109,L_Hand,0.02197,-0.81743,0.5756,0,-0.65281,-0.44779,-0.61101,0,0.7572,-0.36234,-0.54347,0,26.52969,89.78548,30.65544,1
6109,L_Thigh,-0.0217,-0.98857,-0.14922,0,0.01311,-0.14953,0.98867,0,-0.99968,0.0195,0.0162,0,8.49275,85.62572,10.62356,1
6109,L_Toe0,0.11325,-0.35247,0.92894,0,0.04647,0.93581,0.34941,0,-0.99248,0.0036,0.12236,0,6.88987,2.92087,-22.09768,1
6109,L_UpperArm,0.3137,-0.94651,0.07561,0,0.4222,0.06771,-0.90397,0,0.8505,0.3155,0.42085,0,17.24726,139.49645,12.14793,1
6109,Neck,-0.03306,0.98598,0.16356,0,-0.13288,-0.16653,0.97704,0,0.99058,0.01057,0.13652,0,-0.6508,144.19271,10.85678,1
6109,Pelvis,-0.0545,0.9985,-0.00471,0,-0.05889,0.0015,0.99826,0,0.99678,0.05468,0.05872,0,0,85.15985,10.12322,1
6109,R_Calf,0.03624,-0.99802,-0.05145,0,-0.08392,-0.05434,0.99499,0,-0.99581,-0.03174,-0.08572,0,-9.21995,51.66057,30.30093,1
6109,R_Clavicle,-0.97646,-0.15851,-0.14626,0,0.13102,0.10275,-0.98604,0,0.17132,-0.982,-0.07956,0,-4.48161,143.63163,9.6917,1
6109,R_Finger0,0.46826,-0.88067,0.07172,0,-0.20257,-0.186,-0.96144,0,0.86006,0.43568,-0.2655,0,-20.97578,84.01678,-2.95167,1
6109,R_Finger01,0.32155,-0.86689,-0.38093,0,-0.39612,0.24225,-0.88567,0,0.86006,0.43568,-0.2655,0,-18.41282,79.19655,-2.55914,1
6109,R_Finger1,0.29919,-0.92142,-0.24794,0,0.8327,0.37901,-0.40368,0,0.46593,-0.08569,0.88066,0,-23.15902,77.83514,-4.26999,1
6109,R_Finger2,0.2459,-0.90174,-0.35551,0,0.83422,0.38365,-0.39609,0,0.49356,-0.19917,0.8466,0,-24.66946,78.02142,-5.93053,1
6109,R_Finger3,0.20026,-0.88004,-0.43062,0,0.83422,0.38365,-0.39609,0,0.51378,-0.27991,0.81098,0,-25.95079,78.38881,-7.7487,1
6109,R_Finger4,0.18668,-0.87237,-0.4518,0,0.83422,0.38365,-0.39609,0,0.51887,-0.30296,0.79937,0,-26.87058,78.92247,-9.73854,1
6109,R_Finger11,0.68064,-0.60125,-0.4186,0,0.56537,0.79445,-0.22182,0,0.46593,-0.08569,0.88066,0,-21.70505,73.35731,-5.47492,1
6109,R_Finger21,0.67598,-0.52462,-0.51752,0,0.54722,0.82771,-0.1243,0,0.49356,-0.19917,0.8466,0,-23.31244,73.04519,-7.89239,1
6109,R_Finger31,0.66163,-0.47248,-0.58224,0,0.54614,0.83571,-0.05756,0,0.51378,-0.27991,0.81098,0,-24.98345,74.13787,-9.82875,1
6109,R_Finger41,0.62579,-0.50243,-0.59662,0,0.58238,0.8098,-0.07111,0,0.51887,-0.30296,0.79937,0,-26.20908,75.83119,-11.33952,1
6109,R_Foot,0.00409,-0.99698,0.0776,0,0.05056,0.07771,0.99569,0,-0.99871,-0.00014,0.05072,0,-7.69029,9.53044,28.12887,1
6109,R_Forearm,-0.10891,-0.99329,-0.03897,0,0.00045,0.03915,-0.99923,0,0.99405,-0.10884,-0.00382,0,-21.51249,115.85284,-3.90855,1
6109,R_Hand,-0.03161,-0.97689,-0.2114,0,0.86874,0.07774,-0.48913,0,0.49426,-0.19911,0.84621,0,-24.60005,87.69338,-5.01325,1
6109,R_Thigh,-0.01866,-0.84748,0.5305,0,-0.08948,0.52988,0.84334,0,-0.99581,-0.03174,-0.08572,0,-8.49275,84.69397,9.62288,1
6109,R_Toe0,0.05056,0.07771,0.99569,0,-0.00409,0.99698,-0.0776,0,-0.99871,-0.00014,0.05072,0,-7.03219,2.7491,41.06726,1
6109,R_UpperArm,-0.10089,-0.90713,-0.40858,0,0.04101,0.40653,-0.91272,0,0.99405,-0.10884,-0.00382,0,-18.67915,141.327,7.56511,1
6109,Spine,-0.03794,0.99791,0.05234,0,-0.03786,-0.05377,0.99784,0,0.99856,0.03587,0.03982,0,-0.59635,98.18438,7.14276,1
6109,Spine1,0.00047,0.99662,0.08218,0,-0.04879,-0.08206,0.99543,0,0.99881,-0.00447,0.04859,0,-1.17981,113.54958,7.93633,1
6109,Spine2,0.03372,0.99349,0.10881,0,-0.13105,-0.10354,0.98595,0,0.9908,-0.0475,0.1267,0,-1.17101,128.89517,9.18947,1
6110,Head,0.01309,0.99276,0.11943,0,0.0042,-0.1195,0.99283,0,0.99991,-0.01249,-0.00574,0,-1.22978,154.15983,16.26633,1
6110,L_Calf,-0.02531,-0.66699,-0.74463,0,0.00495,-0.74495,0.6671,0,-0.99967,0.0132,0.02215,0,7.86983,46.78264,9.07919,1
6110,L_Clavicle,0.96565,-0.24385,0.08975,0,0.11702,0.09976,-0.98811,0,0.232,0.96467,0.12487,0,3.0734,143.12467,14.3948,1
6110,L_Finger0,-0.52445,-0.65451,0.54458,0,0.47789,-0.75563,-0.44794,0,0.70468,0.02533,0.70908,0,22.11406,87.6951,36.33626,1
6110,L_Finger01,-0.24407,-0.92972,0.27577,0,0.66623,-0.3674,-0.64897,0,0.70468,0.02533,0.70908,0,19.24356,84.11271,39.31691,1
6110,L_Finger1,-0.26769,-0.87303,0.40763,0,-0.63964,-0.15537,-0.75281,0,0.72056,-0.46225,-0.51683,0,24.18563,82.80908,40.40477,1
6110,L_Finger2,-0.18251,-0.92363,0.33705,0,-0.64312,-0.14715,-0.75149,0,0.7437,-0.35392,-0.56715,0,26.14524,82.06562,39.57971,1
6110,L_Finger3,-0.11451,-0.95185,0.28438,0,-0.64312,-0.14715,-0.75149,0,0.75715,-0.26894,-0.59531,0,27.94837,81.30171,38.46271,1
6110,L_Finger4,-0.09455,-0.95859,0.26862,0,-0.64312,-0.14715,-0.75149,0,0.7599,-0.24381,-0.60258,0,29.47277,80.47401,37.02001,1
6110,L_Finger11,-0.55545,-0.83097,-0.03118,0,-0.41505,0.30954,-0.85552,0,0.72056,-0.46225,-0.51683,0,22.88474,78.56641,42.38574,1
6110,L_Finger21,-0.51531,-0.84394,-0.14908,0,-0.42588,0.40313,-0.81001,0,0.7437,-0.35392,-0.56715,0,25.13806,76.96864,41.43971,1
6110,L_Finger31,-0.4782,-0.84903,-0.22464,0,-0.44502,0.45477,-0.77146,0,0.75715,-0.26894,-0.59531,0,27.39526,76.70389,39.83639,1
6110,L_Finger41,-0.44172,-0.87376,-0.20352,0,-0.47689,0.42083,-0.77167,0,0.7599,-0.24381,-0.60258,0,29.13774,77.07717,37.97189,1
6110,L_Foot,-0.10628,-0.52195,-0.84633,0,0.06394,-0.85297,0.51802,0,-0.99228,0.00094,0.12403,0,6.80156,18.62635,-22.35467,1
6110,L_Forearm,0.02583,-0.82474,0.56493,0,0.50268,-0.47776,-0.72046,0,0.86409,0.30259,0.40224,0,25.7008,112.89179,17.32869,1
6110,L_Hand,0.03107,-0.82915,0.55816,0,-0.6672,-0.433,-0.60609,0,0.74423,-0.35358,-0.56667,0,26.4331,89.51068,33.34421,1
6110,L_Thigh,-0.01616,-0.99011,-0.13936,0,0.02009,-0.13967,0.98999,0,-0.99967,0.0132,0.02215,0,8.49976,85.37557,14.5111,1
6110,L_Toe0,0.10324,-0.5479,0.83015,0,0.06874,0.83654,0.54357,0,-0.99228,0.00094,0.12403,0,6.76813,4.00458,-22.51079,1
6110,L_UpperArm,0.30578,-0.95033,0.05801,0,0.39981,0.07287,-0.9137,0,0.86409,0.30259,0.40224,0,17.11371,139.57913,15.69967,1
6110,Neck,-0.03512,0.9864,0.16054,0,-0.11804,-0.16361,0.97944,0,0.99239,0.01545,0.12218,0,-0.86803,143.99926,14.61267,1
6110,Pelvis,-0.04986,0.99873,-0.00741,0,-0.04808,0.00501,0.99883,0,0.9976,0.05015,0.04777,0,0,84.94827,14.1041,1
6110,R_Calf,0.03494,-0.99466,-0.09707,0,-0.06911,-0.0993,0.99265,0,-0.997,-0.02798,-0.07221,0,-8.98488,50.90359,33.41902,1
6110,R_Clavicle,-0.97709,-0.1665,-0.13253,0,0.11702,0.09976,-0.98811,0,0.17775,-0.98098,-0.07799,0,-4.70425,143.37458,13.4989,1
6110,R_Finger0,0.46745,-0.88158,0.06566,0,-0.21526,-0.18555,-0.95877,0,0.85741,0.43404,-0.2765,0,-22.08731,83.18891,2.75537,1
6110,R_Finger01,0.31496,-0.86748,-0.38507,0,-0.407,0.24307,-0.88049,0,0.85741,0.43404,-0.2765,0,-19.52881,78.36371,3.11475,1
6110,R_Finger1,0.2942,-0.92198,-0.25181,0,0.82818,0.37743,-0.41433,0,0.47704,-0.08664,0.8746,0,-24.29921,77.01157,1.46495,1
6110,R_Finger2,0.23958,-0.90219,-0.35868,0,0.8298,0.38207,-0.40676,0,0.50402,-0.20018,0.84018,0,-25.83049,77.20087,-0.17604,1
6110,R_Finger3,0.19302,-0.88039,-0.43319,0,0.8298,0.38207,-0.40676,0,0.52362,-0.28095,0.8043,0,-27.13437,77.57086,-1.97758,1
6110,R_Finger4,0.17917,-0.8727,-0.4542,0,0.8298,0.38207,-0.40676,0,0.52851,-0.30401,0.79262,0,-28.07861,78.10643,-3.95542,1
6110,R_Finger11,0.67404,-0.60253,-0.42734,0,0.564,0.79338,-0.22903,0,0.47704,-0.08664,0.8746,0,-22.86948,72.53102,0.24125,1
6110,R_Finger21,0.66826,-0.52589,-0.52618,0,0.54717,0.82666,-0.13128,0,0.50402,-0.20018,0.84018,0,-24.5084,72.22217,-2.15538,1
6110,R_Finger31,0.65318,-0.47372,-0.59071,0,0.54697,0.83466,-0.06453,0,0.52362,-0.28095,0.8043,0,-26.20203,73.31821,-4.07006,1
6110,R_Finger41,0.6171,-0.50359,-0.60463,0,0.58298,0.80868,-0.07855,0,0.52851,-0.30401,0.79262,0,-27.4437,75.01397,-5.5649,1
6110,R_Foot,0.00093,-0.99994,0.01089,0,0.05072,0.01093,0.99865,0,-0.99871,-0.00038,0.05073,0,-7.50989,8.91503,29.32135,1
6110,R_Forearm,-0.12031,-0.99248,-0.02256,0,-0.0244,0.02568,-0.99937,0,0.99244,-0.11968,-0.0273,0,-22.32002,115.0092,1.38029,1
6110,R_Hand,-0.0362,-0.97681,-0.21102,0,0.86253,0.0761,-0.50024,0,0.5047,-0.20012,0.83978,0,-25.73067,86.87261,0.74068,1
6110,R_Thigh,-0.01245,-0.86246,0.50597,0,-0.07643,0.50535,0.85952,0,-0.997,-0.02798,-0.07221,0,-8.49976,84.52096,13.69712,1
6110,R_Toe0,0.05072,0.01047,0.99866,0,-0.00091,0.99995,-0.01043,0,-0.99871,-0.00038,0.05073,0,-6.87427,1.28329,41.77824,1
6110,R_UpperArm,-0.1214,-0.92388,-0.36292,0,0.01821,0.36349,-0.93142,0,0.99244,-0.11968,-0.0273,0,-18.91093,140.95364,11.57193,1
6110,Spine,-0.03843,0.99806,0.04904,0,-0.02998,-0.05021,0.99829,0,0.99881,0.0369,0.03185,0,-0.48827,97.96984,11.09121,1
6110,Spine1,-0.00644,0.99692,0.0782,0,-0.03788,-0.07839,0.9962,0,0.99926,0.00345,0.03826,0,-1.07956,113.33727,11.83405,1
6110,Spine2,0.02002,0.99442,0.10358,0,-0.11704,-0.10055,0.98802,0,0.99293,-0.03191,0.11438,0,-1.17727,128.68745,13.02598,1
6111,Head,0.01957,0.99222,0.12291,0,0.0025,-0.12298,0.99241,0,0.99981,-0.01912,-0.00488,0,-1.41246,154.75967,20.16552,1
6111,L_Calf,-0.02449,-0.64457,-0.76415,0,0.0093,-0.7645,0.64456,0,-0.99966,0.00868,0.02471,0,8.08133,47.09961,15.00496,1
6111,L_Clavicle,0.97005,-0.22989,0.0784,0,0.10298,0.09695,-0.98995,0,0.21998,0.96838,0.11772,0,2.91147,143.77555,18.27461,1
6111,L_Finger0,-0.51292,-0.66897,0.53795,0,0.46488,-0.74328,-0.48107,0,0.72167,0.00333,0.69223,0,22.16567,88.00965,38.8843,1
6111,L_Finger01,-0.23987,-0.93683,0.25457,0,0.64935,-0.34976,-0.67528,0,0.72167,0.00333,0.69223,0,19.35826,84.34813,41.82865,1
6111,L_Finger1,-0.26014,-0.88394,0.38855,0,-0.65806,-0.13218,-0.74128,0,0.7066,-0.44852,-0.5473,0,24.32159,83.00351,42.75829,1
6111,L_Finger2,-0.17683,-0.93264,0.3145,0,-0.66148,-0.124,-0.73964,0,0.72881,-0.33882,-0.595,0,26.25867,82.28035,41.86483,1
6111,L_Finger3,-0.11019,-0.95946,0.2594,0,-0.66148,-0.124,-0.73964,0,0.74182,-0.25309,-0.62101,0,28.03221,81.5455,40.68284,1
6111,L_Finger4,-0.09064,-0.96579,0.24297,0,-0.66148,-0.124,-0.73964,0,0.74446,-0.22776,-0.62762,0,29.51906,80.75692,39.18029,1
6111,L_Finger11,-0.5583,-0.82859,-0.04176,0,-0.43475,0.33506,-0.8359,0,0.7066,-0.44852,-0.5473,0,23.05739,78.7078,44.64655,1
6111,L_Finger21,-0.52106,-0.83821,-0.16092,0,-0.44422,0.42731,-0.78745,0,0.72881,-0.33882,-0.595,0,25.28286,77.13361,43.60037,1
6111,L_Finger31,-0.4858,-0.84119,-0.23748,0,-0.46228,0.47785,-0.74696,0,0.74182,-0.25309,-0.62101,0,27.49994,76.91092,41.93585,1
6111,L_Finger41,-0.44889,-0.8666,-0.21797,0,-0.49424,0.444,-0.74739,0,0.74446,-0.22776,-0.62762,0,29.19788,77.33459,40.04127,1
6111,L_Foot,-0.11324,-0.4133,-0.90352,0,0.05403,-0.91059,0.40977,0,-0.9921,-0.00241,0.12544,0,7.04768,19.88993,-17.25292,1
6111,L_Forearm,0.03738,-0.83714,0.54571,0,0.47514,-0.46553,-0.74668,0,0.87911,0.2872,0.38036,0,25.35642,113.63517,20.37147,1
6111,L_Hand,0.04228,-0.84505,0.53301,0,-0.68282,-0.41389,-0.60203,0,0.72936,-0.33849,-0.59452,0,26.41609,89.90252,35.84232,1
6111,L_Thigh,-0.01089,-0.99581,-0.09081,0,0.02382,-0.09104,0.99556,0,-0.99966,0.00868,0.02471,0,8.50585,85.91467,18.54442,1
6111,L_Toe0,0.09351,-0.68078,0.72649,0,0.08364,0.73248,0.67563,0,-0.9921,-0.00241,0.12544,0,6.83744,5.3983,-19.19453,1
6111,L_UpperArm,0.29701,-0.95427,0.03408,0,0.37275,0.08301,-0.92421,0,0.87911,0.2872,0.38036,0,17.01579,140.43299,19.41446,1
6111,Neck,-0.03626,0.98679,0.15789,0,-0.10321,-0.16084,0.98157,0,0.994,0.0193,0.10768,0,-1.03891,144.59515,18.53918,1
6111,Pelvis,-0.04457,0.99896,-0.00987,0,-0.03721,0.00821,0.99927,0,0.99831,0.0449,0.03681,0,0,85.53212,18.23082,1
6111,R_Calf,0.03087,-0.99014,-0.13662,0,-0.05493,-0.13816,0.98889,0,-0.99801,-0.02302,-0.05865,0,-8.76798,50.58995,35.94164,1
6111,R_Clavicle,-0.97811,-0.17106,-0.1185,0,0.10298,0.09695,-0.98995,0,0.18083,-0.98048,-0.07721,0,-4.87974,143.9111,17.4774,1
6111,R_Finger0,0.46819,-0.88188,0.05561,0,-0.22752,-0.18113,-0.95678,0,0.85383,0.4353,-0.28545,0,-23.17229,83.17702,9.0314,1
6111,R_Finger01,0.30995,-0.8657,-0.39305,0,-0.41821,0.24713,-0.87409,0,0.85383,0.4353,-0.28545,0,-20.60972,78.35021,9.33579,1
6111,R_Finger1,0.29089,-0.92081,-0.25979,0,0.82283,0.37933,-0.42315,0,0.48818,-0.09067,0.86802,0,-25.40093,77.00569,7.74096,1
6111,R_Finger2,0.23491,-0.90053,-0.36586,0,0.82455,0.38393,-0.41558,0,0.51471,-0.20405,0.83273,0,-26.95307,77.20257,6.12059,1
6111,R_Finger3,0.1874,-0.87839,-0.43967,0,0.82455,0.38393,-0.41558,0,0.53384,-0.28465,0.79623,0,-28.27986,77.58084,4.33759,1
6111,R_Finger4,0.17329,-0.8706,-0.46047,0,0.82455,0.38393,-0.41558,0,0.53859,-0.30766,0.78439,0,-29.2493,78.12552,2.37448,1
6111,R_Finger11,0.66848,-0.60057,-0.4387,0,0.56108,0.79442,-0.23257,0,0.48818,-0.09067,0.86802,0,-23.98726,72.53082,6.47846,1
6111,R_Finger21,0.66144,-0.52347,-0.5371,0,0.5455,0.82725,-0.13447,0,0.51471,-0.20405,0.83273,0,-25.65673,72.23301,4.10159,1
6111,R_Finger31,0.64554,-0.471,-0.6012,0,0.54615,0.83495,-0.06768,0,0.53384,-0.28465,0.79623,0,-27.37465,73.33786,2.21379,1
6111,R_Finger41,0.60928,-0.50081,-0.61479,0,0.58198,0.80903,-0.08228,0,0.53859,-0.30766,0.78439,0,-28.63523,75.04051,0.74279,1
6111,R_Foot,-0.00161,-0.9995,-0.03159,0,0.0507,-0.03163,0.99821,0,-0.99871,1e-005,0.05072,0,-7.46489,8.79227,30.17432,1
6111,R_Forearm,-0.13234,-0.99119,-0.00479,0,-0.05258,0.01185,-0.99855,0,0.98981,-0.13189,-0.05368,0,-23.08918,114.97007,7.21634,1
6111,R_Hand,-0.03897,-0.97583,-0.21503,0,0.85607,0.07839,-0.51088,0,0.51539,-0.20399,0.83232,0,-26.84088,86.86999,7.08046,1
6111,R_Thigh,-0.00673,-0.88664,0.46242,0,-0.06265,0.4619,0.88472,0,-0.99801,-0.02302,-0.05865,0,-8.50585,85.14958,17.91722,1
6111,R_Toe0,0.05071,-0.02712,0.99835,0,0.00138,0.99963,0.02709,0,-0.99871,1e-005,0.05072,0,-6.84931,0.63674,42.29579,1
6111,R_UpperArm,-0.14201,-0.94202,-0.30404,0,-0.01047,0.30856,-0.95115,0,0.98981,-0.13189,-0.05368,0,-19.10116,141.42385,15.75441,1
6111,Spine,-0.03806,0.99821,0.0461,0,-0.02206,-0.04696,0.99865,0,0.99903,0.037,0.02381,0,-0.37265,98.55035,15.18717,1
6111,Spine1,-0.01255,0.99713,0.07471,0,-0.02693,-0.07503,0.99682,0,0.99956,0.0105,0.02779,0,-0.95837,113.92013,15.88473,1
6111,Spine2,0.00718,0.99506,0.099,0,-0.10299,-0.09774,0.98987,0,0.99466,-0.01731,0.10178,0,-1.15035,129.27347,17.02293,1
6112,Head,0.02494,0.99174,0.12579,0,0.00083,-0.12585,0.99205,0,0.99969,-0.02463,-0.00396,0,-1.59042,156.16598,24.23897,1
6112,L_Calf,-0.02081,-0.6365,-0.77099,0,0.01347,-0.77127,0.63637,0,-0.99969,0.00286,0.02462,0,8.39427,48.29597,22.5178,1
6112,L_Clavicle,0.97404,-0.21636,0.06653,0,0.08874,0.09465,-0.99155,0,0.20823,0.97172,0.11139,0,2.74967,145.23284,22.32063,1
6112,L_Finger0,-0.49902,-0.68879,0.52588,0,0.45082,-0.7246,-0.52127,0,0.7401,-0.02305,0.67211,0,22.28665,89.00697,41.19073,1
6112,L_Finger01,-0.23405,-0.94576,0.22529,0,0.63046,-0.32404,-0.70535,0,0.7401,-0.02305,0.67211,0,19.55534,85.237,44.06906,1
6112,L_Finger1,-0.25062,-0.89799,0.36168,0,-0.67799,-0.10387,-0.7277,0,0.69103,-0.42759,-0.58279,0,24.54033,83.85719,44.81259,1
6112,L_Finger2,-0.1694,-0.94386,0.2836,0,-0.68136,-0.09575,-0.72566,0,0.71207,-0.31616,-0.62689,0,26.45169,83.16805,43.84036,1
6112,L_Finger3,-0.10431,-0.96858,0.22575,0,-0.68136,-0.09575,-0.72566,0,0.72447,-0.22951,-0.64997,0,28.19178,82.47821,42.58386,1
6112,L_Finger4,-0.08521,-0.97429,0.20857,0,-0.68136,-0.09575,-0.72566,0,0.72697,-0.20395,-0.65568,0,29.63657,81.74686,41.01288,1
6112,L_Finger11,-0.56023,-0.8263,-0.05802,0,-0.45676,0.36659,-0.81055,0,0.69103,-0.42759,-0.58279,0,23.32236,79.49323,46.57023,1
6112,L_Finger21,-0.52623,-0.83142,-0.17842,0,-0.4648,0.45693,-0.7584,0,0.71207,-0.31616,-0.62689,0,25.51686,77.9594,45.4054,1
6112,L_Finger31,-0.49305,-0.8315,-0.25596,0,-0.4817,0.5059,-0.71556,0,0.72447,-0.22951,-0.64997,0,27.68791,77.79955,43.67431,1
6112,L_Finger41,-0.45566,-0.85763,-0.23843,0,-0.51371,0.4721,-0.7164,0,0.72697,-0.20395,-0.65568,0,29.33461,78.2944,41.75197,1
6112,L_Foot,-0.11279,-0.41188,-0.90423,0,0.05898,-0.91121,0.4077,0,-0.99187,-0.00735,0.12707,0,7.51596,21.42673,-10.02876,1
6112,L_Forearm,0.05152,-0.85294,0.51946,0,0.44315,-0.44662,-0.77727,0,0.89497,0.27024,0.35497,0,24.99523,115.1936,23.38223,1
6112,L_Hand,0.05564,-0.86466,0.49927,0,-0.69933,-0.39065,-0.59861,0,0.71263,-0.31585,-0.62642,0,26.45569,91.01299,38.10888,1
6112,L_Thigh,-0.00298,-0.99998,-0.00489,0,0.0246,-0.00497,0.99969,0,-0.99969,0.00286,0.02462,0,8.51042,87.27374,22.70858,1
6112,L_Toe0,0.08003,-0.81233,0.57768,0,0.09898,0.58315,0.80631,0,-0.99187,-0.00735,0.12707,0,7.37057,6.9385,-12.00142,1
6112,L_UpperArm,0.28784,-0.95767,0.00336,0,0.34085,0.09917,-0.93487,0,0.89497,0.27024,0.35497,0,16.91202,142.08705,23.2879,1
6112,Neck,-0.03713,0.98709,0.15583,0,-0.0882,-0.15857,0.9834,0,0.99541,0.02277,0.09295,0,-1.208,145.9984,22.63378,1
6112,Pelvis,-0.04008,0.99913,-0.01194,0,-0.0263,0.01089,0.9996,0,0.99885,0.04038,0.02584,0,0,86.92972,22.48838,1
6112,R_Calf,0.02558,-0.98547,-0.16789,0,-0.04148,-0.16885,0.98477,0,-0.99881,-0.01823,-0.0452,0,-8.53927,50.66074,37.39142,1
6112,R_Clavicle,-0.9792,-0.17405,-0.10425,0,0.08874,0.09465,-0.99155,0,0.18244,-0.98018,-0.07723,0,-5.05238,145.257,21.62464,1
6112,R_Finger0,0.46905,-0.88197,0.04611,0,-0.24073,-0.17791,-0.95415,0,0.84973,0.43645,-0.29576,0,-24.20558,84.0641,15.85538,1
6112,R_Finger01,0.30461,-0.86429,-0.40027,0,-0.43032,0.25003,-0.86736,0,0.84973,0.43645,-0.29576,0,-21.6383,79.23679,16.10774,1
6112,R_Finger1,0.28741,-0.91986,-0.26694,0,0.81683,0.38094,-0.43321,0,0.50018,-0.09354,0.86085,0,-26.45094,77.89677,14.57486,1
6112,R_Finger2,0.22996,-0.89923,-0.37216,0,0.81866,0.38551,-0.42565,0,0.52623,-0.20679,0.82481,0,-28.02541,78.09886,12.97683,1
6112,R_Finger3,0.18143,-0.87685,-0.44523,0,0.81866,0.38551,-0.42565,0,0.54487,-0.28726,0.78778,0,-29.37685,78.48296,11.2137,1
6112,R_Finger4,0.16703,-0.86898,-0.4658,0,0.81866,0.38551,-0.42565,0,0.54945,-0.31023,0.77579,0,-30.37347,79.03414,9.26608,1
6112,R_Finger11,0.66243,-0.59893,-0.44997,0,0.55768,0.79532,-0.23761,0,0.50018,-0.09354,0.86085,0,-25.05421,73.42652,13.2776,1
6112,R_Finger21,0.65401,-0.52149,-0.548,0,0.54346,0.82782,-0.13918,0,0.52623,-0.20679,0.82481,0,-26.7564,73.1365,10.92309,1
6112,R_Finger31,0.63722,-0.46881,-0.61169,0,0.54503,0.83528,-0.07239,0,0.54487,-0.28726,0.78778,0,-28.50048,74.24744,9.06307,1
6112,R_Finger41,0.60078,-0.49858,-0.62488,0,0.58066,0.80943,-0.08757,0,0.54945,-0.31023,0.77579,0,-29.78159,75.95484,7.6155,1
6112,R_Foot,-0.00252,-0.99878,-0.04938,0,0.05065,-0.04944,0.99749,0,-0.99871,1e-005,0.05071,0,-7.4594,9.06015,30.3041,1
6112,R_Forearm,-0.14429,-0.98939,0.01679,0,-0.08462,-0.00457,-0.9964,0,0.98591,-0.14519,-0.08306,0,-23.8108,115.81201,13.49207,1
6112,R_Hand,-0.04179,-0.9751,-0.2178,0,0.84889,0.08031,-0.52242,0,0.52691,-0.20673,0.8244,0,-27.90143,87.76297,13.96811,1
6112,R_Thigh,-0.00074,-0.92166,0.38799,0,-0.04873,0.38756,0.92055,0,-0.99881,-0.01823,-0.0452,0,-8.51042,86.58571,22.26819,1
6112,R_Toe0,0.05069,-0.02283,0.99845,0,0.00117,0.99974,0.0228,0,-0.99871,1e-005,0.05071,0,-6.85151,0.68954,42.27845,1
6112,R_UpperArm,-0.16099,-0.95842,-0.23562,0,-0.04539,0.24567,-0.96829,0,0.98591,-0.14519,-0.08306,0,-19.28973,142.72641,20.10882,1
6112,Spine,-0.0375,0.99834,0.04371,0,-0.01405,-0.04427,0.99892,0,0.9992,0.03684,0.01569,0,-0.26278,99.94432,19.41785,1
6112,Spine1,-0.0186,0.99724,0.07193,0,-0.01585,-0.07223,0.99726,0,0.9997,0.01741,0.01715,0,-0.83992,115.31605,20.07867,1
6112,Spine2,-0.00542,0.99543,0.09534,0,-0.08874,-0.09544,0.99147,0,0.99604,-0.00308,0.08886,0,-1.12524,130.67105,21.174,1
6113,Head,0.02922,0.99136,0.12784,0,-0.0008,-0.12788,0.99179,0,0.99957,-0.02908,-0.00295,0,-1.71608,157.85813,28.44619,1
6113,L_Calf,-0.01716,-0.64324,-0.76547,0,0.0181,-0.76566,0.64299,0,-0.99969,-0.00282,0.02478,0,8.71968,50.1358,30.83343,1
6113,L_Clavicle,0.97747,-0.20404,0.05405,0,0.07433,0.09308,-0.99288,0,0.19756,0.97453,0.10615,0,2.62701,146.97317,26.48928,1
6113,L_Finger0,-0.48382,-0.71311,0.50734,0,0.43467,-0.69896,-0.56791,0,0.75959,-0.05424,0.64814,0,22.4458,90.17742,43.17525,1
6113,L_Finger01,-0.22804,-0.95547,0.18728,0,0.60912,-0.29006,-0.73813,0,0.75959,-0.05424,0.64814,0,19.79766,86.27435,45.9521,1
6113,L_Finger1,-0.24055,-0.91418,0.3262,0,-0.69925,-0.06987,-0.71146,0,0.67319,-0.39923,-0.62243,0,24.80134,84.86407,46.48237,1
6113,L_Finger2,-0.1617,-0.95628,0.24369,0,-0.70255,-0.06186,-0.70894,0,0.69302,-0.28584,-0.66183,0,26.68264,84.22267,45.42274,1
6113,L_Finger3,-0.09836,-0.97821,0.18284,0,-0.70255,-0.06186,-0.70894,0,0.7048,-0.19819,-0.68116,0,28.38436,83.59386,44.08435,1
6113,L_Finger4,-0.07979,-0.98308,0.16486,0,-0.70255,-0.06186,-0.70894,0,0.70714,-0.17238,-0.68573,0,29.78159,82.93824,42.43869,1
6113,L_Finger11,-0.56234,-0.82299,-0.08033,0,-0.48019,0.4041,-0.77854,0,0.67319,-0.39923,-0.62243,0,23.63235,80.42139,48.06761,1
6113,L_Finger21,-0.53191,-0.8224,-0.20179,0,-0.48662,0.49188,-0.72198,0,0.69302,-0.28584,-0.66183,0,25.79032,78.94549,46.76754,1
6113,L_Finger31,-0.50104,-0.81881,-0.28019,0,-0.50221,0.53877,-0.6764,0,0.7048,-0.19819,-0.68116,0,27.90923,78.86871,44.96753,1
6113,L_Finger41,-0.46317,-0.84572,-0.26503,0,-0.53425,0.50502,-0.67789,0,0.70714,-0.17238,-0.68573,0,29.49886,79.45461,43.02287,1
6113,L_Foot,-0.11088,-0.44593,-0.88817,0,0.06909,-0.89498,0.44072,0,-0.99143,-0.01249,0.13005,0,7.99521,22.98205,-1.47997,1
6113,L_Forearm,0.06699,-0.87173,0.48538,0,0.40611,-0.42053,-0.81132,0,0.91137,0.25147,0.32585,0,24.62447,117.04241,26.30927,1
6113,L_Hand,0.06967,-0.88719,0.45612,0,-0.717,-0.36243,-0.59545,0,0.69359,-0.28555,-0.66136,0,26.52366,92.32897,40.06965,1
6113,L_Thigh,0.00528,-0.995,0.09974,0,0.02438,0.09984,0.9947,0,-0.99969,-0.00282,0.02478,0,8.51399,88.91928,26.94555,1
6113,L_Toe0,0.06192,-0.92144,0.38354,0,0.11504,0.38831,0.91432,0,-0.99143,-0.01249,0.13005,0,7.9898,8.43037,-2.91877,1
6113,L_UpperArm,0.27723,-0.96019,-0.03439,0,0.30422,0.12168,-0.9448,0,0.91137,0.25147,0.32585,0,16.83916,144.00648,27.27511,1
6113,Neck,-0.03693,0.98728,0.15465,0,-0.07307,-0.15701,0.98489,0,0.99664,0.02507,0.07794,0,-1.3357,147.68853,26.85317,1
6113,Pelvis,-0.03503,0.9993,-0.01337,0,-0.01536,0.01284,0.9998,0,0.99927,0.03522,0.0149,0,0,88.61917,26.81861,1
6113,R_Calf,0.02038,-0.98434,-0.17508,0,-0.0293,-0.17563,0.98402,0,-0.99936,-0.01493,-0.03242,0,-8.31552,50.95114,37.7784,1
6113,R_Clavicle,-0.98011,-0.1769,-0.08996,0,0.07433,0.09308,-0.99288,0,0.18401,-0.97982,-0.07808,0,-5.18326,146.89495,25.89725,1
6113,R_Finger0,0.46667,-0.88319,0.04673,0,-0.25806,-0.18651,-0.94796,0,0.84594,0.43033,-0.31496,0,-25.16416,85.41723,23.20321,1
6113,R_Finger01,0.29449,-0.86936,-0.39685,0,-0.44459,0.24296,-0.86216,0,0.84594,0.43033,-0.31496,0,-22.60989,80.58321,23.45897,1
6113,R_Finger1,0.27944,-0.92353,-0.2627,0,0.81045,0.37357,-0.45124,0,0.51487,-0.08681,0.85286,0,-27.45338,79.24581,22.02409,1
6113,R_Finger2,0.22022,-0.90374,-0.36709,0,0.81242,0.37822,-0.44376,0,0.53989,-0.20051,0.81751,0,-29.05492,79.43779,20.45192,1
6113,R_Finger3,0.17049,-0.8819,-0.43952,0,0.81242,0.37822,-0.44376,0,0.55759,-0.28142,0.78096,0,-30.43571,79.8093,18.70895,1
6113,R_Finger4,0.15576,-0.87419,-0.45991,0,0.81242,0.37822,-0.44376,0,0.56188,-0.30452,0.76913,0,-31.4644,80.34474,16.77366,1
6113,R_Finger11,0.65232,-0.60583,-0.45547,0,0.55623,0.79084,-0.2553,0,0.51487,-0.08681,0.85286,0,-26.0954,74.75772,20.74747,1
6113,R_Finger21,0.64246,-0.52935,-0.55411,0,0.54385,0.82437,-0.15697,0,0.53989,-0.20051,0.81751,0,-27.83964,74.45055,18.42614,1
6113,R_Finger31,0.62474,-0.47724,-0.61802,0,0.54662,0.8325,-0.09029,0,0.55759,-0.28142,0.78096,0,-29.61216,75.54936,16.58589,1
6113,R_Finger41,0.58796,-0.507,-0.63027,0,0.58188,0.80636,-0.10583,0,0.56188,-0.30452,0.76913,0,-30.91244,77.24698,15.14393,1
6113,R_Foot,-0.00295,-0.99832,-0.05792,0,0.05062,-0.05799,0.99703,0,-0.99871,1e-005,0.0507,0,-7.45505,9.39827,30.38763,1
6113,R_Forearm,-0.15621,-0.98656,0.04804,0,-0.12239,-0.02893,-0.99206,0,0.98011,-0.16085,-0.11622,0,-24.45104,117.07938,19.98212,1
6113,R_Hand,-0.04904,-0.97706,-0.20725,0,0.83988,0.07196,-0.53798,0,0.54056,-0.20045,0.81708,0,-28.87948,89.11077,21.34392,1
6113,R_Thigh,0.00509,-0.95868,0.28443,0,-0.03533,0.28409,0.95815,0,-0.99936,-0.01493,-0.03242,0,-8.51399,88.31907,26.69168,1
6113,R_Toe0,0.0507,-0.00216,0.99871,0,0.00012,1,0.00215,0,-0.99871,1e-005,0.0507,0,-6.8509,0.92532,42.28996,1
6113,R_UpperArm,-0.17866,-0.97014,-0.16406,0,-0.08636,0.18156,-0.97958,0,0.98011,-0.16085,-0.11622,0,-19.43379,144.32286,24.5893,1
6113,Spine,-0.03599,0.99846,0.04212,0,-0.00596,-0.04236,0.99908,0,0.99933,0.0357,0.00747,0,-0.15314,101.63076,23.72794,1
6113,Spine1,-0.02391,0.99725,0.07012,0,-0.00465,-0.07025,0.99752,0,0.9997,0.02353,0.00632,0,-0.70717,117.00437,24.36423,1
6113,Spine2,-0.01701,0.99553,0.09286,0,-0.07432,-0.09387,0.99281,0,0.99709,0.00999,0.07558,0,-1.07442,132.3596,25.43158,1
6114,Head,0.03201,0.99115,0.12885,0,-0.0023,-0.12885,0.99166,0,0.99949,-0.03204,-0.00185,0,-1.77121,159.24334,32.73823,1
6114,L_Calf,-0.0171,-0.6676,-0.74433,0,0.02235,-0.7445,0.66724,0,-0.9996,-0.00523,0.02765,0,8.93556,52.08476,39.11474,1
6114,L_Clavicle,0.98028,-0.19332,0.04096,0,0.05977,0.0925,-0.99392,0,0.18835,0.97677,0.10223,0,2.55797,148.40258,30.72933,1
6114,L_Finger0,-0.46839,-0.74088,0.48136,0,0.41579,-0.66556,-0.6198,0,0.77957,-0.09016,0.61979,0,22.60237,90.96571,44.7697,1
6114,L_Finger01,-0.22307,-0.96466,0.14026,0,0.58524,-0.2476,-0.77213,0,0.77957,-0.09016,0.61979,0,20.03873,86.91061,47.40436,1
6114,L_Finger1,-0.23116,-0.93127,0.28161,0,-0.72139,-0.03015,-0.69187,0,0.65281,-0.36308,-0.66484,0,25.05506,85.47608,47.69638,1
6114,L_Finger2,-0.15499,-0.9686,0.19441,0,-0.72461,-0.0223,-0.6888,0,0.67151,-0.24763,-0.6984,0,26.90135,84.89666,46.54355,1
6114,L_Finger3,-0.09363,-0.98702,0.13046,0,-0.72461,-0.0223,-0.6888,0,0.68277,-0.15902,-0.71312,0,28.55937,84.3454,45.11889,1
6114,L_Finger4,-0.07564,-0.99086,0.11165,0,-0.72461,-0.0223,-0.6888,0,0.685,-0.133,-0.7163,0,29.90333,83.78447,43.3957,1
6114,L_Finger11,-0.5655,-0.81754,-0.1088,0,-0.50403,0.44699,-0.73902,0,0.65281,-0.36308,-0.66484,0,23.93171,80.95037,49.06491,1
6114,L_Finger21,-0.53891,-0.81009,-0.23093,0,-0.50858,0.53144,-0.67743,0,0.67151,-0.24763,-0.6984,0,26.04603,79.55151,47.6164,1
6114,L_Finger31,-0.51052,-0.80206,-0.30994,0,-0.52268,0.57568,-0.62881,0,0.68277,-0.15902,-0.71312,0,28.10709,79.57769,45.74905,1
6114,L_Finger41,-0.47222,-0.82976,-0.29751,0,-0.55479,0.54205,-0.63119,0,0.685,-0.133,-0.7163,0,29.63531,80.27328,43.79134,1
6114,L_Foot,-0.10832,-0.50385,-0.85697,0,0.07666,-0.86371,0.49813,0,-0.99116,-0.01174,0.13218,0,8.21374,23.90289,7.69391,1
6114,L_Forearm,0.08268,-0.89275,0.44291,0,0.3639,-0.38669,-0.84737,0,0.92776,0.23124,0.2929,0,24.23862,118.60071,29.10692,1
6114,L_Hand,0.08302,-0.91143,0.403,0,-0.7358,-0.3288,-0.59203,0,0.67209,-0.24737,-0.69793,0,26.58272,93.29155,41.66325,1
6114,L_Thigh,0.01074,-0.97907,0.20326,0,0.02601,0.20348,0.97873,0,-0.9996,-0.00523,0.02765,0,8.51675,90.24721,31.19204,1
6114,L_Toe0,0.04943,-0.95621,0.28848,0,0.12291,0.29246,0.94835,0,-0.99119,-0.01142,0.13198,0,8.32211,9.2887,7.20862,1
6114,L_UpperArm,0.2645,-0.96115,-0.07898,0,0.26326,0.15075,-0.95288,0,0.92776,0.23124,0.2929,0,16.81099,145.59178,31.32484,1
6114,Neck,-0.03532,0.98735,0.15456,0,-0.0579,-0.15642,0.98599,0,0.9977,0.02588,0.06269,0,-1.40739,149.07302,31.14613,1
6114,Pelvis,-0.02818,0.99951,-0.01398,0,-0.00444,0.01386,0.99989,0,0.99959,0.02824,0.00404,0,0,90.0066,31.15756,1
6114,R_Calf,0.0163,-0.98725,-0.15832,0,-0.01869,-0.15861,0.98716,0,-0.99969,-0.01313,-0.02104,0,-8.13793,51.25821,37.15005,1
6114,R_Clavicle,-0.98032,-0.18226,-0.07591,0,0.05977,0.0925,-0.99392,0,0.18817,-0.97889,-0.07978,0,-5.25821,148.23401,30.24361,1
6114,R_Finger0,0.45874,-0.88562,0.07235,0,-0.28437,-0.22346,-0.93231,0,0.84184,0.40711,-0.35435,0,-26.0069,86.71415,31.12302,1
6114,R_Finger01,0.27528,-0.88859,-0.3669,0,-0.46425,0.21132,-0.86013,0,0.84184,0.40711,-0.35435,0,-23.49606,81.86684,31.519,1
6114,R_Finger1,0.26316,-0.93688,-0.23023,0,0.80225,0.34506,-0.48716,0,0.53585,-0.0565,0.84242,0,-28.38837,80.52456,30.26581,1
6114,R_Finger2,0.20147,-0.92085,-0.33383,0,0.80447,0.34999,-0.47994,0,0.55879,-0.17186,0.81131,0,-30.028,80.66797,28.7281,1
