0,Head,-0.05197,0.99381,0.09816,0,-0.03063,-0.09983,0.99453,0,0.99818,0.04868,0.03563,0,1.35172,148.77112,-3.00647,1
0,L_Calf,0.03588,-0.99732,-0.06369,0,0.20652,-0.05495,0.9769,0,-0.97778,-0.04821,0.20399,0,12.19476,52.57806,10.42401,1
0,L_Clavicle,0.92844,-0.1511,0.33937,0,0.35152,0.06188,-0.93413,0,0.12015,0.98658,0.11057,0,5.77316,138.17991,-3.8006,1
0,L_Finger0,-0.57882,-0.7974,0.17066,0,-0.04768,-0.17583,-0.98327,0,0.81406,-0.57727,0.06375,0,19.88653,84.38588,4.84594,1
0,L_Finger01,-0.30606,-0.95116,-0.04029,0,0.14469,-0.00464,-0.98947,0,0.94095,-0.30866,0.13904,0,17.52459,81.13201,5.54233,1
0,L_Finger1,-0.12562,-0.98985,0.06651,0,-0.9777,0.11215,-0.17754,0,0.16827,-0.08733,-0.98186,0,21.14995,79.2776,4.11965,1
0,L_Finger2,-0.25398,-0.96708,-0.01587,0,-0.95083,0.25265,-0.17912,0,0.17723,-0.0304,-0.9837,0,21.73873,79.30885,2.5604,1
0,L_Finger3,-0.34071,-0.93901,-0.04667,0,-0.92059,0.34329,-0.18617,0,0.19084,-0.02047,-0.98141,0,22.17887,79.53023,1.06169,1
0,L_Finger4,-0.42926,-0.89802,-0.09641,0,-0.87836,0.43994,-0.18691,0,0.21026,0.00445,-0.97764,0,22.2885,79.64294,-0.3718,1
0,L_Finger11,-0.40825,-0.91278,-0.01317,0,-0.89598,0.40341,-0.1857,0,0.17482,-0.06401,-0.98252,0,20.70277,75.75397,4.35643,1
0,L_Finger21,-0.52377,-0.84722,-0.08879,0,-0.83146,0.53111,-0.16306,0,0.1853,-0.01158,-0.98261,0,20.76834,75.61386,2.49976,1
0,L_Finger31,-0.64383,-0.75409,-0.1297,0,-0.73831,0.65676,-0.15352,0,0.20095,-0.00309,-0.9796,0,20.91002,76.03328,0.8879,1
0,L_Finger41,-0.67025,-0.72434,-0.16152,0,-0.70939,0.68926,-0.14727,0,0.218,0.01588,-0.97582,0,20.79504,76.51864,-0.70723,1
0,L_Foot,-0.0705,-0.99748,0.008,0,0.32266,-0.01522,0.94639,0,-0.94389,0.06931,0.32292,0,13.86932,6.03704,7.45207,1
0,L_Forearm,0.11765,-0.99114,0.06166,0,0.66277,0.03213,-0.74813,0,0.73952,0.12888,0.66068,0,19.08937,111.48271,0.90326,1
0,L_Hand,-0.08598,-0.993,-0.08094,0,-0.97606,0.10025,-0.19302,0,0.19979,0.06241,-0.97785,0,22.02914,86.71602,2.44402,1
0,L_Thigh,0.10133,-0.96063,0.25868,0,0.18349,0.27361,0.94418,0,-0.97778,-0.04821,0.20399,0,8.53139,87.30749,1.07189,1
0,L_Toe0,0.32793,0.06993,0.94211,0,0.05273,0.99435,-0.09216,0,-0.94323,0.0799,0.32239,0,17.0592,-0.30355,18.13685,1
0,L_UpperArm,0.13441,-0.99001,0.04267,0,0.65958,0.05724,-0.74945,0,0.73952,0.12888,0.66068,0,15.68374,136.56695,-0.17798,1
0,Neck,-0.04419,0.99852,0.03168,0,-0.05579,-0.03413,0.99786,0,0.99746,0.04232,0.05722,0,1.79282,138.80302,-3.32273,1
0,Pelvis,0.06421,0.99616,-0.05947,0,-0.09097,0.06519,0.99372,0,0.99378,-0.0584,0.09481,0,0.06417,87.80508,0.26407,1
0,R_Calf,0.0469,-0.98928,-0.13831,0,-0.27034,-0.14587,0.95165,0,-0.96162,-0.00724,-0.27428,0,-9.14656,52.33304,3.01238,1
0,R_Clavicle,-0.94336,-0.27022,0.1925,0,-0.21101,0.04093,-0.97663,0,0.25603,-0.96193,-0.09563,0,-2.04005,137.84838,-4.24876,1
0,R_Finger0,0.6054,-0.79538,0.02935,0,-0.18641,-0.17754,-0.9663,0,0.77379,0.57952,-0.25575,0,-15.59228,82.92571,3.4284,1
0,R_Finger01,0.28675,-0.94579,-0.15248,0,-0.37147,0.03694,-0.92771,0,0.88305,0.32267,-0.34074,0,-13.12189,79.68007,3.54817,1
0,R_Finger1,0.14108,-0.98934,0.03597,0,0.90732,0.11468,-0.40451,0,0.39607,0.0897,0.91383,0,-16.9758,77.81259,3.02829,1
0,R_Finger2,0.24594,-0.96641,-0.07465,0,0.88041,0.25494,-0.39984,0,0.40544,0.03262,0.91354,0,-17.91775,77.83932,1.65318,1
0,R_Finger3,0.32305,-0.93807,-0.12517,0,0.84901,0.3457,-0.3996,0,0.41812,0.02282,0.90811,0,-18.70152,78.05671,0.30141,1
0,R_Finger4,0.39696,-0.897,-0.19448,0,0.80754,0.44203,-0.3905,0,0.43624,-0.00204,0.89983,0,-19.14842,78.16647,-1.06529,1
0,R_Finger11,0.39656,-0.91156,-0.10861,0,0.82499,0.40576,-0.39339,0,0.40266,0.0664,0.91294,0,-16.47359,74.29075,3.15634,1
0,R_Finger21,0.49038,-0.84593,-0.20962,0,0.7674,0.53312,-0.35621,0,0.41308,0.01382,0.91059,0,-16.97806,74.1469,1.36796,1
0,R_Finger31,0.59722,-0.75238,-0.27793,0,0.67861,0.65871,-0.32496,0,0.42757,0.00546,0.90397,0,-17.49844,74.56325,-0.16472,1
0,R_Finger41,0.61505,-0.72279,-0.3151,0,0.65203,0.69094,-0.31219,0,0.44336,-0.01344,0.89624,0,-17.76737,75.04571,-1.74189,1
0,R_Foot,0.06018,-0.99814,0.00985,0,-0.41026,-0.01574,0.91183,0,-0.90998,-0.05892,-0.41045,0,-6.95794,6.16754,-3.44215,1
0,R_Forearm,-0.08177,-0.98962,0.11816,0,-0.69112,-0.02912,-0.72215,0,0.7181,-0.14071,-0.68157,0,-16.20756,109.97419,-1.35197,1
0,R_Hand,0.06746,-0.99291,-0.09791,0,0.90209,0.10262,-0.41916,0,0.42623,-0.06005,0.90262,0,-18.25081,85.24542,1.60065,1
0,R_Thigh,-0.02057,-0.99494,0.09836,0,-0.27361,0.10023,0.95661,0,-0.96162,-0.00724,-0.27428,0,-8.40307,88.3027,-0.54373,1
0,R_Toe0,-0.41547,0.10973,0.90296,0,-0.02238,0.99116,-0.13075,0,-0.90933,-0.07453,-0.40935,0,-11.19614,-0.18299,6.86568,1
0,R_UpperArm,-0.16172,-0.98628,0.03323,0,-0.67689,0.08636,-0.731,0,0.7181,-0.14071,-0.68157,0,-12.10992,134.96392,-2.19397,1
0,Spine,0.06414,0.99621,-0.05868,0,-0.09103,0.06439,0.99376,0,0.99378,-0.0584,0.09481,0,0.97825,98.66345,-2.6284,1
0,Spine1,0.01245,0.99991,-0.00462,0,-0.06786,0.00545,0.99768,0,0.99762,-0.01211,0.06792,0,1.83864,112.0104,-3.42517,1
0,Spine2,-0.01596,0.99978,0.01365,0,-0.06234,-0.01462,0.99795,0,0.99793,0.01507,0.06256,0,2.00614,125.4075,-3.49766,1
1,Head,-0.05018,0.99443,0.09265,0,-0.01971,-0.09373,0.9954,0,0.99855,0.04812,0.02431,0,0.60771,148.48428,-2.81464,1
1,L_Calf,0.03484,-0.99679,-0.07207,0,0.21291,-0.06305,0.97503,0,-0.97645,-0.04932,0.21003,0,12.20453,52.52286,10.84426,1
1,L_Clavicle,0.93091,-0.15151,0.33234,0,0.34463,0.06298,-0.93662,0,0.12098,0.98645,0.11084,0,5.02652,137.89527,-3.65153,1
1,L_Finger0,-0.57485,-0.79991,0.17231,0,-0.02848,-0.19089,-0.9812,0,0.81776,-0.56895,0.08695,0,19.73982,84.19193,5.02435,1
1,L_Finger01,-0.31908,-0.94765,-0.01212,0,0.15391,-0.03919,-0.98731,0,0.93515,-0.3169,0.15836,0,17.39408,80.92781,5.72749,1
1,L_Finger1,-0.10271,-0.99169,0.07751,0,-0.97664,0.08575,-0.19702,0,0.18873,-0.09593,-0.97733,0,21.0551,79.08768,4.36485,1
1,L_Finger2,-0.26112,-0.96517,-0.01638,0,-0.94547,0.25914,-0.19732,0,0.19469,-0.03604,-0.9802,0,21.67089,79.11017,2.81591,1
1,L_Finger3,-0.37174,-0.92678,-0.05376,0,-0.90479,0.37467,-0.20242,0,0.20774,-0.02661,-0.97782,0,22.13555,79.32211,1.32326,1
1,L_Finger4,-0.45292,-0.88539,-0.10466,0,-0.86306,0.46485,-0.19758,0,0.22358,0.00084,-0.97468,0,22.26945,79.42337,-0.10903,1
1,L_Finger11,-0.40448,-0.91443,-0.01452,0,-0.89343,0.39848,-0.20735,0,0.19539,-0.0709,-0.97816,0,20.68948,75.5575,4.64077,1
1,L_Finger21,-0.55846,-0.82301,-0.10378,0,-0.80399,0.56782,-0.17658,0,0.20425,-0.01518,-0.9788,0,20.6732,75.42249,2.75332,1
1,L_Finger31,-0.68167,-0.71679,-0.14675,0,-0.69805,0.69723,-0.16307,0,0.21921,-0.00872,-0.97564,0,20.75115,75.87071,1.12306,1
1,L_Finger41,-0.71498,-0.67544,-0.18051,0,-0.65921,0.73729,-0.1478,0,0.23292,0.01332,-0.9724,0,20.69369,76.34301,-0.47315,1
1,L_Foot,-0.07143,-0.9974,0.00908,0,0.32562,-0.01472,0.94539,0,-0.9428,0.07049,0.32583,0,13.83044,6.00675,7.48107,1
1,L_Forearm,0.12587,-0.98965,0.06895,0,0.64376,0.0286,-0.76469,0,0.7548,0.14064,0.6407,0,18.76089,111.24752,0.91699,1
1,L_Hand,-0.0769,-0.99431,-0.07376,0,-0.97327,0.09092,-0.21092,0,0.21643,0.05557,-0.97472,0,21.90623,86.51811,2.64,1
1,L_Thigh,0.10601,-0.95757,0.268,0,0.18791,0.28395,0.94025,0,-0.97645,-0.04932,0.21003,0,8.372,87.14152,1.15534,1
1,L_Toe0,0.33095,0.07032,0.94102,0,0.05341,0.99422,-0.09308,0,-0.94214,0.08107,0.32528,0,17.04784,-0.32776,18.1612,1
1,L_UpperArm,0.14987,-0.98788,0.04029,0,0.6386,0.06561,-0.76674,0,0.7548,0.14064,0.6407,0,14.9635,136.27798,-0.10392,1
1,Neck,-0.04425,0.99847,0.03308,0,-0.04873,-0.03523,0.99819,0,0.99783,0.04256,0.05021,0,1.04948,138.51667,-3.14486,1
1,Pelvis,0.04608,0.99718,-0.05925,0,-0.08497,0.06301,0.99439,0,0.99532,-0.04079,0.08764,0,-0.10831,87.48908,0.40863,1
1,R_Calf,0.05912,-0.98274,-0.17528,0,-0.26228,-0.18471,0.94715,0,-0.96318,-0.01002,-0.26868,0,-9.64099,52.06201,4.76914,1
1,R_Clavicle,-0.94247,-0.26929,0.19809,0,-0.21705,0.04223,-0.97525,0,0.25426,-0.96213,-0.09825,0,-2.78956,137.56189,-4.04481,1
1,R_Finger0,0.59517,-0.80341,0.01735,0,-0.21041,-0.17663,-0.96153,0,0.77556,0.56862,-0.27417,0,-16.87026,82.68254,3.60019,1
1,R_Finger01,0.27053,-0.94982,-0.15701,0,-0.39166,0.04039,-0.91922,0,0.87944,0.31017,-0.36108,0,-14.4416,79.40413,3.67097,1
1,R_Finger1,0.15466,-0.98777,0.01954,0,0.89536,0.13177,-0.4254,0,0.41762,0.08329,0.90479,0,-18.33093,77.58785,3.24127,1
1,R_Finger2,0.25304,-0.96319,-0.09071,0,0.86855,0.26747,-0.41724,0,0.42614,0.02679,0.90426,0,-19.30303,77.62497,1.88755,1
1,R_Finger3,0.32566,-0.93488,-0.14126,0,0.83747,0.35456,-0.41585,0,0.43885,0.01713,0.89839,0,-20.11394,77.85063,0.55326,1
1,R_Finger4,0.39836,-0.8924,-0.21199,0,0.79514,0.45119,-0.40518,0,0.45723,-0.00715,0.88932,0,-20.58987,77.96411,-0.80329,1
1,R_Finger11,0.44251,-0.88354,-0.15345,0,0.78905,0.46492,-0.40156,0,0.42613,0.05662,0.90289,0,-17.78038,74.0716,3.31084,1
1,R_Finger21,0.5261,-0.81299,-0.24952,0,0.73047,0.58225,-0.35694,0,0.43547,0.00552,0.90018,0,-18.33621,73.94482,1.54097,1
1,R_Finger31,0.62557,-0.71293,-0.31686,0,0.63734,0.70124,-0.31947,0,0.44995,-0.0021,0.89305,0,-18.90116,74.36906,0.0272,1
1,R_Finger41,0.64048,-0.6823,-0.35251,0,0.61068,0.7308,-0.30495,0,0.46568,-0.01996,0.88473,0,-19.20395,74.85936,-1.54081,1
1,R_Foot,0.0678,-0.99766,0.00896,0,-0.41622,-0.02013,0.90904,0,-0.90673,-0.06536,-0.41661,0,-6.88203,6.20154,-3.41062,1
1,R_Forearm,-0.0937,-0.98864,0.11751,0,-0.6812,-0.02242,-0.73175,0,0.72608,-0.14861,-0.67136,0,-17.19642,109.73905,-1.10849,1
1,R_Hand,0.05191,-0.99389,-0.09744,0,0.89376,0.08976,-0.43947,0,0.44553,-0.06427,0.89296,0,-19.53774,85.03478,1.8279,1
1,R_Thigh,-0.02911,-0.98954,0.14127,0,-0.26728,0.14389,0.95282,0,-0.96318,-0.01002,-0.26868,0,-8.58863,87.83664,-0.33806,1
1,R_Toe0,-0.42242,0.10845,0.89989,0,-0.02816,0.99077,-0.13262,0,-0.90596,-0.08136,-0.41547,0,-11.13999,-0.19535,6.86034,1
1,R_UpperArm,-0.17155,-0.98464,0.03243,0,-0.66587,0.09162,-0.74042,0,0.72608,-0.14861,-0.67136,0,-12.8499,134.68737,-1.93029,1
1,Spine,0.04602,0.99723,-0.05846,0,-0.08501,0.06222,0.99444,0,0.99532,-0.04079,0.08764,0,0.59197,98.36356,-2.48292,1
1,Spine1,0.00679,0.99997,-0.00362,0,-0.06066,0.00402,0.99815,0,0.99814,-0.00656,0.06069,0,1.20944,111.72413,-3.27675,1
1,Spine2,-0.01881,0.99971,0.01485,0,-0.05517,-0.01587,0.99835,0,0.9983,0.01796,0.05545,0,1.30111,125.12204,-3.33587,1
2,Head,-0.04769,0.99508,0.08679,0,-0.00613,-0.08718,0.99617,0,0.99884,0.04698,0.01026,0,-0.18407,148.20244,-2.64055,1
2,L_Calf,0.03414,-0.99623,-0.07977,0,0.22057,-0.07033,0.97283,0,-0.97477,-0.0508,0.21734,0,12.21371,52.47816,11.2366,1
2,L_Clavicle,0.93345,-0.15092,0.3254,0,0.33764,0.06344,-0.93914,0,0.1211,0.98651,0.11017,0,4.23599,137.61664,-3.51079,1
2,L_Finger0,-0.5713,-0.80219,0.17352,0,-0.00682,-0.20676,-0.97837,0,0.82071,-0.56013,0.11265,0,19.60024,84.0382,5.25521,1
2,L_Finger01,-0.33389,-0.94242,0.01914,0,0.16631,-0.07889,-0.98291,0,0.92782,-0.325,0.18307,0,17.26897,80.76478,5.96326,1
2,L_Finger1,-0.07246,-0.99299,0.09336,0,-0.97467,0.05064,-0.21784,0,0.21158,-0.10678,-0.97151,0,20.96851,78.93832,4.67442,1
2,L_Finger2,-0.26327,-0.9646,-0.01508,0,-0.94056,0.26012,-0.21835,0,0.21454,-0.0433,-0.97575,0,21.61493,78.95012,3.13789,1
2,L_Finger3,-0.39923,-0.91481,-0.06111,0,-0.88831,0.40244,-0.22124,0,0.22699,-0.03404,-0.9733,0,22.10764,79.15071,1.65268,1
2,L_Finger4,-0.4724,-0.87409,-0.11318,0,-0.84819,0.48576,-0.21122,0,0.23961,-0.00378,-0.97086,0,22.26933,79.23857,0.22238,1
2,L_Finger11,-0.38896,-0.92119,-0.01105,0,-0.8951,0.38073,-0.23203,0,0.21795,-0.08036,-0.97265,0,20.71056,75.40349,5.00677,1
2,L_Finger21,-0.58267,-0.80414,-0.11768,0,-0.78085,0.59407,-0.19329,0,0.22534,-0.02074,-0.97406,0,20.60903,75.26459,3.08028,1
2,L_Finger31,-0.71114,-0.68357,-0.16433,0,-0.66096,0.72971,-0.17509,0,0.2396,-0.01589,-0.97074,0,20.62086,75.74387,1.42511,1
2,L_Finger41,-0.75385,-0.6254,-0.20146,0,-0.60736,0.78025,-0.14943,0,0.25064,0.00971,-0.96803,0,20.62579,76.19754,-0.1714,1
2,L_Foot,-0.07228,-0.99734,0.00971,0,0.32823,-0.0146,0.94449,0,-0.94183,0.07146,0.32841,0,13.80677,5.98827,7.51428,1
2,L_Forearm,0.13594,-0.9877,0.07724,0,0.62085,0.02417,-0.78356,0,0.77205,0.15447,0.6165,0,18.39871,111.03836,0.96054,1
2,L_Hand,-0.06759,-0.99559,-0.06507,0,-0.96954,0.08093,-0.23117,0,0.23542,0.04747,-0.97073,0,21.79551,86.35757,2.8907,1
2,L_Thigh,0.11124,-0.95477,0.27574,0,0.1935,0.29296,0.93634,0,-0.97477,-0.0508,0.21734,0,8.19199,86.99575,1.2678,1
2,L_Toe0,0.33369,0.07163,0.93996,0,0.05377,0.99404,-0.09484,0,-0.94115,0.08219,0.32785,0,17.04821,-0.3445,18.18818,1
2,L_UpperArm,0.16571,-0.98539,0.03938,0,0.61357,0.07175,-0.78637,0,0.77205,0.15447,0.6165,0,14.20013,136.00559,-0.0373,1
2,Neck,-0.0447,0.99844,0.03358,0,-0.04162,-0.03545,0.9985,0,0.99813,0.04324,0.04314,0,0.26221,138.23519,-2.97582,1
2,Pelvis,0.02765,0.99782,-0.0599,0,-0.07849,0.06191,0.99499,0,0.99653,-0.02281,0.08003,0,-0.29867,87.19011,0.58591,1
2,R_Calf,0.06878,-0.97646,-0.20442,0,-0.25351,-0.21529,0.94307,0,-0.96488,-0.01304,-0.26235,0,-10.01,51.79857,6.16247,1
2,R_Clavicle,-0.94087,-0.26974,0.20495,0,-0.2242,0.04225,-0.97363,0,0.25396,-0.96201,-0.10023,0,-3.58245,137.27794,-3.84872,1
2,R_Finger0,0.58322,-0.81229,0.00623,0,-0.2395,-0.17928,-0.9542,0,0.7762,0.55502,-0.2991,0,-18.17292,82.44273,3.82652,1
2,R_Finger01,0.25171,-0.95479,-0.15818,0,-0.41623,0.04076,-0.90835,0,0.87373,0.29448,-0.38715,0,-15.79302,79.1281,3.85192,1
2,R_Finger1,0.17163,-0.98516,0.00233,0,0.87979,0.1522,-0.45035,0,0.44331,0.07935,0.89285,0,-19.7197,77.36885,3.54124,1
2,R_Finger2,0.25833,-0.96034,-0.10495,0,0.85421,0.27781,-0.43948,0,0.45121,0.02388,0.8921,0,-20.72813,77.41252,2.21456,1
2,R_Finger3,0.32241,-0.934,-0.15392,0,0.82508,0.35698,-0.43796,0,0.464,0.01421,0.88572,0,-21.57205,77.64237,0.90162,1
2,R_Finger4,0.39449,-0.89044,-0.22691,0,0.78213,0.455,-0.42573,0,0.48233,-0.00952,0.87594,0,-22.08347,77.7548,-0.44204,1
2,R_Finger11,0.49023,-0.84753,-0.2034,0,0.7439,0.52846,-0.40907,0,0.45419,0.04922,0.88955,0,-19.10874,73.86191,3.54955,1
2,R_Finger21,0.55734,-0.77783,-0.29044,0,0.68965,0.62848,-0.35971,0,0.46233,0.00018,0.88671,0,-19.74111,73.74328,1.81355,1
2,R_Finger31,0.64784,-0.67305,-0.35679,0,0.5941,0.73956,-0.31638,0,0.47681,-0.00701,0.87898,0,-20.37136,74.16405,0.32841,1
2,R_Finger41,0.65897,-0.64304,-0.39019,0,0.56885,0.76546,-0.3008,0,0.4921,-0.02374,0.87021,0,-20.71099,74.65685,-1.23147,1
2,R_Foot,0.07492,-0.99716,0.00786,0,-0.42375,-0.0247,0.90544,0,-0.90267,-0.07117,-0.4244,0,-6.80022,6.23106,-3.37709,1
2,R_Forearm,-0.10456,-0.9874,0.11874,0,-0.67243,-0.01778,-0.73995,0,0.73274,-0.15722,-0.6621,0,-18.23962,109.49789,-0.85427,1
2,R_Hand,0.03418,-0.99514,-0.09232,0,0.88255,0.07341,-0.46446,0,0.46898,-0.0656,0.88077,0,-20.85247,84.82455,2.1129,1
2,R_Thigh,-0.03376,-0.98432,0.17311,0,-0.2605,0.17589,0.94932,0,-0.96488,-0.01304,-0.26235,0,-8.78934,87.38448,-0.09596,1
2,R_Toe0,-0.43085,0.10505,0.89629,0,-0.03379,0.99063,-0.13235,0,-0.90179,-0.08731,-0.42326,0,-11.09886,-0.21411,6.84663,1
2,R_UpperArm,-0.1821,-0.98277,0.03184,0,-0.6557,0.09724,-0.74874,0,0.73274,-0.15722,-0.6621,0,-13.62576,134.39866,-1.66095,1
2,Spine,0.02759,0.99787,-0.05911,0,-0.07851,0.06111,0.99504,0,0.99653,-0.02281,0.08003,0,0.18339,98.07417,-2.3142,1
2,Spine1,0.00039,0.99999,-0.00334,0,-0.0533,0.00335,0.99857,0,0.99858,-0.00022,0.0533,0,0.55388,111.44335,-3.11678,1
2,Spine2,-0.02223,0.99964,0.01524,0,-0.04789,-0.0163,0.99872,0,0.99861,0.02148,0.04823,0,0.55972,124.84158,-3.17213,1
3,Head,-0.04485,0.99571,0.08094,0,0.00928,-0.08061,0.9967,0,0.99895,0.04546,-0.00563,0,-1.03862,147.89839,-2.48059,1
3,L_Calf,0.0339,-0.99558,-0.08762,0,0.22638,-0.07774,0.97093,0,-0.97345,-0.05275,0.22274,0,12.20418,52.43207,11.63003,1
3,L_Clavicle,0.9356,-0.15046,0.3194,0,0.33152,0.06313,-0.94134,0,0.12147,0.9866,0.10895,0,3.38639,137.31666,-3.37479,1
3,L_Finger0,-0.56406,-0.80588,0.17996,0,0.01598,-0.22855,-0.9734,0,0.82558,-0.54618,0.1418,0,19.44445,83.87766,5.55693,1
3,L_Finger01,-0.34632,-0.9363,0.05839,0,0.17993,-0.12738,-0.9754,0,0.9207,-0.32729,0.21258,0,17.14274,80.58915,6.29127,1
3,L_Finger1,-0.03144,-0.99232,0.11962,0,-0.97146,0.00218,-0.23721,0,0.23513,-0.12366,-0.96406,0,20.88834,78.78689,5.0906,1
3,L_Finger2,-0.25679,-0.96645,-0.00616,0,-0.93754,0.25064,-0.24122,0,0.23467,-0.05617,-0.97045,0,21.56529,78.78121,3.56724,1
3,L_Finger3,-0.41957,-0.90552,-0.06311,0,-0.87363,0.42171,-0.24276,0,0.24644,-0.04672,-0.96803,0,22.08515,78.96317,2.0889,1
3,L_Finger4,-0.48453,-0.86701,-0.11632,0,-0.83648,0.49812,-0.22844,0,0.256,-0.01338,-0.96658,0,22.27441,79.02905,0.6608,1
3,L_Finger11,-0.35915,-0.93327,0.00338,0,-0.9017,0.34606,-0.25918,0,0.24071,-0.09613,-0.96582,0,20.77642,75.25444,5.51642,1
3,L_Finger21,-0.59487,-0.79405,-0.12497,0,-0.76515,0.60701,-0.21468,0,0.24632,-0.03209,-0.96866,0,20.58417,75.08864,3.54372,1
3,L_Finger31,-0.73105,-0.65885,-0.17745,0,-0.63089,0.75174,-0.19201,0,0.2599,-0.02842,-0.96522,0,20.52262,75.59091,1.85388,1
3,L_Finger41,-0.7849,-0.57937,-0.21968,0,-0.5583,0.81507,-0.15481,0,0.26874,0.00114,-0.96321,0,20.58868,76.01263,0.2561,1
3,L_Foot,-0.07311,-0.99727,0.00993,0,0.33016,-0.0148,0.94381,0,-0.94109,0.07228,0.33034,0,13.78594,5.9726,7.54114,1
3,L_Forearm,0.15127,-0.98516,0.08107,0,0.59335,0.02491,-0.80456,0,0.7906,0.16981,0.58831,0,17.87727,110.80251,1.17157,1
3,L_Hand,-0.0537,-0.99733,-0.0494,0,-0.96565,0.06446,-0.25173,0,0.25425,0.03418,-0.96654,0,21.65732,86.18517,3.19724,1
3,L_Thigh,0.11631,-0.95208,0.28288,0,0.19715,0.30127,0.93293,0,-0.97345,-0.05275,0.22274,0,7.9991,86.8522,1.40326,1
3,L_Toe0,0.33563,0.07044,0.93936,0,0.05463,0.99407,-0.09406,0,-0.94041,0.08289,0.32979,0,17.04398,-0.3621,18.20883,1
3,L_UpperArm,0.17776,-0.98305,0.04487,0,0.58596,0.0691,-0.80739,0,0.7906,0.16981,0.58831,0,13.37341,135.71053,0.03468,1
3,Neck,-0.0455,0.99841,0.03337,0,-0.03495,-0.03498,0.99878,0,0.99835,0.04428,0.03648,0,-0.58437,137.93143,-2.81371,1
3,Pelvis,0.00782,0.99809,-0.06126,0,-0.07234,0.06166,0.99547,0,0.99735,-0.00335,0.07268,0,-0.49853,86.88074,0.78397,1
3,R_Calf,0.07637,-0.97004,-0.23062,0,-0.24335,-0.24243,0.93915,0,-0.96693,-0.01561,-0.25457,0,-10.32592,51.51005,7.38552,1
3,R_Clavicle,-0.93892,-0.27043,0.21282,0,-0.23216,0.04128,-0.9718,0,0.25401,-0.96186,-0.10154,0,-4.43377,136.9698,-3.66053,1
3,R_Finger0,0.56787,-0.82307,-0.00929,0,-0.27645,-0.18008,-0.94401,0,0.77531,0.53864,-0.32979,0,-19.5257,82.17682,4.1003,1
3,R_Finger01,0.22821,-0.96022,-0.16094,0,-0.4473,0.04342,-0.89333,0,0.86478,0.27586,-0.4196,0,-17.20845,78.81821,4.06239,1
3,R_Finger1,0.18773,-0.98201,-0.02054,0,0.85943,0.17434,-0.48061,0,0.47554,0.07257,0.87669,0,-21.17572,77.13141,3.90152,1
3,R_Finger2,0.25914,-0.95801,-0.12277,0,0.83651,0.28616,-0.4673,0,0.48281,0.0184,0.87553,0,-22.22952,77.18663,2.61103,1
3,R_Finger3,0.31198,-0.93498,-0.16876,0,0.81056,0.3546,-0.4661,0,0.49563,0.00862,0.86849,0,-23.115,77.42497,1.3273,1
3,R_Finger4,0.38356,-0.89048,-0.24479,0,0.76763,0.45478,-0.45157,0,0.51344,-0.0147,0.858,0,-23.67151,77.53949,0.00186,1
3,R_Finger11,0.53287,-0.80428,-0.26302,0,0.69056,0.59296,-0.41416,0,0.48906,0.03906,0.87137,0,-20.50746,73.63569,3.82842,1
3,R_Finger21,0.58052,-0.74084,-0.33786,0,0.64599,0.67163,-0.36278,0,0.49568,-0.00766,0.86847,0,-21.23942,73.5263,2.14195,1
3,R_Finger31,0.66117,-0.63286,-0.40292,0,0.55017,0.77412,-0.31312,0,0.51007,-0.01465,0.86001,0,-21.95314,73.94302,0.69881,1
3,R_Finger41,0.66823,-0.60467,-0.4334,0,0.52767,0.7959,-0.29685,0,0.52444,-0.03033,0.85091,0,-22.33705,74.44141,-0.8498,1
3,R_Foot,0.07983,-0.99678,0.00813,0,-0.42761,-0.02687,0.90357,0,-0.90043,-0.07561,-0.42837,0,-6.76191,6.24217,-3.37646,1
3,R_Forearm,-0.11518,-0.9859,0.12141,0,-0.66487,-0.01429,-0.74682,0,0.73802,-0.16674,-0.65385,0,-19.3414,109.23471,-0.56618,1
3,R_Hand,0.01238,-0.99611,-0.08725,0,0.86675,0.0542,-0.49578,0,0.49858,-0.06949,0.86405,0,-22.21951,84.599,2.46753,1
3,R_Thigh,-0.03678,-0.97916,0.19973,0,-0.25238,0.20249,0.9462,0,-0.96693,-0.01561,-0.25457,0,-8.99617,86.9093,0.16468,1
3,R_Toe0,-0.43536,0.10414,0.89422,0,-0.0377,0.99031,-0.13369,0,-0.89947,-0.09191,-0.42721,0,-11.07343,-0.22508,6.82787,1
3,R_UpperArm,-0.1928,-0.9807,0.03247,0,-0.64665,0.1021,-0.75593,0,0.73802,-0.16674,-0.65385,0,-14.4563,134.08316,-1.3888,1
3,Spine,0.00776,0.99814,-0.06046,0,-0.07235,0.06087,0.99552,0,0.99735,-0.00335,0.07269,0,-0.24943,97.76834,-2.13221,1
3,Spine1,-0.0067,0.99997,-0.00335,0,-0.04633,0.00304,0.99892,0,0.9989,0.00685,0.04631,0,-0.1447,111.14114,-2.95295,1
3,Spine2,-0.02617,0.99954,0.01513,0,-0.04101,-0.01619,0.99903,0,0.99882,0.02553,0.04141,0,-0.234,124.53907,-3.00848,1
4,Head,-0.04226,0.99627,0.07521,0,0.02463,-0.07421,0.99694,0,0.9988,0.04398,-0.0214,0,-1.93061,147.57576,-2.30915,1
4,L_Calf,0.03407,-0.99496,-0.09435,0,0.23143,-0.08399,0.96922,0,-0.97226,-0.05486,0.2274,0,12.15307,52.36494,11.95924,1
4,L_Clavicle,0.9377,-0.15068,0.31306,0,0.32513,0.06294,-0.94357,0,0.12248,0.98658,0.10801,0,2.4961,136.99693,-3.22899,1
4,L_Finger0,-0.5549,-0.81079,0.18628,0,0.0408,-0.25017,-0.96734,0,0.83091,-0.52918,0.1719,0,19.27966,83.70044,5.83859,1
4,L_Finger01,-0.35815,-0.92852,0.09786,0,0.19592,-0.17722,-0.96447,0,0.91288,-0.32625,0.24539,0,17.01531,80.39192,6.59873,1
4,L_Finger1,0.01513,-0.98867,0.14936,0,-0.96537,-0.05336,-0.25538,0,0.26045,-0.14032,-0.95523,0,20.81167,78.62582,5.49299,1
4,L_Finger2,-0.24538,-0.96942,0.00391,0,-0.93497,0.23559,-0.26521,0,0.25618,-0.06873,-0.96418,0,21.52091,78.60437,3.98453,1
4,L_Finger3,-0.43559,-0.89772,-0.06604,0,-0.85957,0.43661,-0.26553,0,0.2672,-0.05889,-0.96184,0,22.06925,78.7688,2.51446,1
4,L_Finger4,-0.49218,-0.86216,-0.12012,0,-0.8263,0.50613,-0.2471,0,0.27383,-0.02236,-0.96152,0,22.28783,78.81282,1.08971,1
4,L_Finger11,-0.32102,-0.94682,0.02182,0,-0.90926,0.30168,-0.28678,0,0.26494,-0.1119,-0.95775,0,20.86554,75.10638,6.02468,1
4,L_Finger21,-0.60011,-0.78896,-0.13196,0,-0.75353,0.61292,-0.23773,0,0.26844,-0.04323,-0.96233,0,20.58336,74.90044,3.99948,1
4,L_Finger31,-0.74513,-0.63879,-0.19167,0,-0.60468,0.76832,-0.20989,0,0.28134,-0.0405,-0.95875,0,20.44708,75.42561,2.26852,1
4,L_Finger41,-0.81012,-0.53485,-0.2401,0,-0.51049,0.84492,-0.15974,0,0.2883,-0.00684,-0.95752,0,20.57548,75.81325,0.6718,1
4,L_Foot,-0.0732,-0.99724,0.01243,0,0.33306,-0.01269,0.94282,0,-0.94006,0.07315,0.33307,0,13.74295,5.93446,7.55623,1
4,L_Forearm,0.16651,-0.98238,0.08489,0,0.57121,0.02592,-0.8204,0,0.80374,0.1851,0.56546,0,17.3456,110.54908,1.36406,1
4,L_Hand,-0.03722,-0.99877,-0.03283,0,-0.96095,0.04478,-0.27308,0,0.27421,0.02139,-0.96143,0,21.50634,86.00131,3.48541,1
4,L_Thigh,0.12091,-0.95003,0.28778,0,0.20025,0.30729,0.93031,0,-0.97226,-0.05486,0.2274,0,7.78181,86.71116,1.55519,1
4,L_Toe0,0.33835,0.06941,0.93846,0,0.05516,0.9941,-0.09341,0,-0.9394,0.08337,0.33252,0,17.03299,-0.37627,18.2283,1
4,L_UpperArm,0.19102,-0.98034,0.04939,0,0.56348,0.06832,-0.8233,0,0.80374,0.1851,0.56546,0,12.50561,135.38848,0.11273,1
4,Neck,-0.046,0.99838,0.03338,0,-0.02844,-0.03471,0.99899,0,0.99854,0.04501,0.02999,0,-1.47138,137.60903,-2.64233,1
4,Pelvis,-0.0129,0.99793,-0.06301,0,-0.06728,0.06201,0.99581,0,0.99765,0.01709,0.06634,0,-0.71839,86.56557,0.98992,1
4,R_Calf,0.0825,-0.96326,-0.25559,0,-0.23001,-0.26794,0.93557,0,-0.96968,-0.01839,-0.24367,0,-10.58807,51.21474,8.53209,1
4,R_Clavicle,-0.93796,-0.26877,0.21907,0,-0.23838,0.04106,-0.9703,0,0.25179,-0.96233,-0.10258,0,-5.32551,136.64439,-3.46387,1
4,R_Finger0,0.55013,-0.8347,-0.0252,0,-0.31083,-0.17667,-0.9339,0,0.77507,0.5216,-0.35664,0,-20.90722,81.90355,4.41995,1
4,R_Finger01,0.20296,-0.96514,-0.16524,0,-0.47528,0.05044,-0.87839,0,0.85611,0.25681,-0.44848,0,-18.66236,78.49747,4.31712,1
4,R_Finger1,0.20089,-0.97844,-0.04796,0,0.83949,0.19718,-0.50634,0,0.50488,0.06146,0.861,0,-22.6668,76.89301,4.2912,1
4,R_Finger2,0.25734,-0.95559,-0.14361,0,0.81991,0.29458,-0.49088,0,0.51139,0.00857,0.85931,0,-23.76087,76.96687,3.03562,1
4,R_Finger3,0.29899,-0.93606,-0.18549,0,0.79737,0.35185,-0.4903,0,0.52421,-0.00131,0.85159,0,-24.68274,77.22033,1.78073,1
4,R_Finger4,0.37038,-0.89049,-0.26429,0,0.75478,0.45436,-0.47315,0,0.54142,-0.02424,0.8404,0,-25.27981,77.34306,0.4738,1
4,R_Finger11,0.56886,-0.75526,-0.32555,0,0.63624,0.65496,-0.40772,0,0.52116,0.02481,0.8531,0,-21.95169,73.40998,4.12048,1
4,R_Finger21,0.59903,-0.7011,-0.38681,0,0.60373,0.71279,-0.35698,0,0.526,-0.01969,0.85026,0,-22.77763,73.31577,2.48691,1
4,R_Finger31,0.67038,-0.5906,-0.4492,0,0.50867,0.80653,-0.30127,0,0.54023,-0.02653,0.8411,0,-23.56928,73.73437,1.08994,1
4,R_Finger41,0.67389,-0.56467,-0.47646,0,0.48931,0.82429,-0.28484,0,0.55358,-0.04118,0.83178,0,-23.99122,74.24496,-0.4457,1
4,R_Foot,0.08451,-0.9964,0.00685,0,-0.42786,-0.03008,0.90335,0,-0.89989,-0.07927,-0.42886,0,-6.73825,6.26342,-3.39526,1
4,R_Forearm,-0.12714,-0.98423,0.12297,0,-0.65535,-0.00971,-0.75526,0,0.74455,-0.17661,-0.64378,0,-20.42539,108.97114,-0.20461,1
4,R_Hand,-0.01107,-0.99637,-0.08444,0,0.85101,0.03495,-0.52398,0,0.52503,-0.07766,0.84753,0,-23.60234,84.37705,2.86829,1
4,R_Thigh,-0.03788,-0.97379,0.22426,0,-0.24141,0.22669,0.94358,0,-0.96968,-0.01839,-0.24367,0,-9.21859,86.41998,0.42467,1
4,R_Toe0,-0.43636,0.1044,0.89369,0,-0.04115,0.98989,-0.13573,0,-0.89883,-0.096,-0.42766,0,-11.02367,-0.2375,6.79866,1
4,R_UpperArm,-0.20079,-0.97896,0.03634,0,-0.63665,0.10221,-0.76435,0,0.74455,-0.17661,-0.64378,0,-15.33778,133.77547,-1.12545,1
4,Spine,-0.01296,0.99798,-0.06222,0,-0.06727,0.06121,0.99585,0,0.99765,0.01709,0.06635,0,-0.70956,97.45059,-1.94641,1
4,Spine1,-0.01396,0.9999,-0.00289,0,-0.03973,0.00234,0.99921,0,0.99911,0.01407,0.03969,0,-0.88243,110.82122,-2.79069,1
4,Spine2,-0.03005,0.99943,0.01536,0,-0.03439,-0.01639,0.99927,0,0.99896,0.0295,0.03487,0,-1.06907,124.21817,-2.84013,1
5,Head,-0.04107,0.99661,0.07129,0,0.03934,-0.06968,0.99679,0,0.99838,0.04375,-0.03634,0,-2.80137,147.24324,-2.13287,1
5,L_Calf,0.03411,-0.9942,-0.10195,0,0.2405,-0.09084,0.96639,0,-0.97005,-0.05749,0.23601,0,12.0982,52.29749,12.3518,1
5,L_Clavicle,0.94089,-0.14887,0.30424,0,0.31603,0.06269,-0.94668,0,0.12186,0.98687,0.10603,0,1.61356,136.6611,-3.0711,1
5,L_Finger0,-0.55707,-0.81064,0.18038,0,0.06691,-0.2603,-0.96321,0,0.82776,-0.52451,0.19924,0,19.07129,83.56057,5.99635,1
5,L_Finger01,-0.38395,-0.91512,0.12306,0,0.21415,-0.2179,-0.95219,0,0.89818,-0.33923,0.27964,0,16.79808,80.25268,6.73239,1
5,L_Finger1,0.04845,-0.98437,0.16931,0,-0.95626,-0.09467,-0.27677,0,0.28847,-0.1485,-0.9459,0,20.62549,78.48854,5.7186,1
5,L_Finger2,-0.24578,-0.96933,0.00151,0,-0.92766,0.23476,-0.29042,0,0.28116,-0.07278,-0.9569,0,21.37338,78.46082,4.22904,1
5,L_Finger3,-0.46165,-0.88317,-0.08304,0,-0.83778,0.46486,-0.2864,0,0.29154,-0.06265,-0.95451,0,21.95894,78.61871,2.77266,1
5,L_Finger4,-0.50923,-0.84959,-0.1374,0,-0.80817,0.52694,-0.26306,0,0.2959,-0.02292,-0.95494,0,22.21401,78.65551,1.35379,1
5,L_Finger11,-0.29352,-0.95549,0.02977,0,-0.91021,0.26982,-0.31418,0,0.29216,-0.11931,-0.9489,0,20.79795,74.98439,6.32131,1
5,L_Finger21,-0.61293,-0.77547,-0.15152,0,-0.73329,0.62969,-0.25647,0,0.29429,-0.04609,-0.9546,0,20.43432,74.75725,4.23481,1
5,L_Finger31,-0.7641,-0.60717,-0.21795,0,-0.56763,0.79333,-0.22006,0,0.30652,-0.04443,-0.95083,0,20.23971,75.32972,2.46342,1
5,L_Finger41,-0.83675,-0.47542,-0.27171,0,-0.44979,0.87973,-0.15414,0,0.31232,-0.00676,-0.94995,0,20.44235,75.69968,0.87576,1
5,L_Foot,-0.07364,-0.99718,0.01473,0,0.33791,-0.01105,0.94112,0,-0.93829,0.07428,0.33777,0,13.69017,5.90206,7.59435,1
5,L_Forearm,0.17059,-0.97992,0.10321,0,0.55713,0.00953,-0.83037,0,0.81272,0.19916,0.54757,0,17.08877,110.3412,1.10946,1
5,L_Hand,-0.03364,-0.99904,-0.02821,0,-0.95372,0.04053,-0.29796,0,0.29881,0.01688,-0.95416,0,21.35155,85.85482,3.68844,1
5,L_Thigh,0.12743,-0.9476,0.29294,0,0.2068,0.31424,0.92655,0,-0.97005,-0.05749,0.23601,0,7.49139,86.55586,1.7614,1
5,L_Toe0,0.34348,0.07584,0.93609,0,0.05409,0.99348,-0.10033,0,-0.9376,0.08509,0.33714,0,17.03197,-0.38989,18.26143,1
5,L_UpperArm,0.21437,-0.97606,0.03682,0,0.54179,0.08746,-0.83595,0,0.81272,0.19916,0.54757,0,11.65707,135.07201,0.17654,1
5,Neck,-0.04524,0.99844,0.03273,0,-0.02205,-0.03375,0.99919,0,0.99873,0.04448,0.02355,0,-2.34975,137.27595,-2.4596,1
5,Pelvis,-0.03177,0.99737,-0.06508,0,-0.06416,0.06294,0.99595,0,0.99743,0.03582,0.06199,0,-1.00696,86.25068,1.23321,1
5,R_Calf,0.09047,-0.95646,-0.27748,0,-0.21824,-0.29089,0.93153,0,-0.97169,-0.02372,-0.23505,0,-10.80089,50.92693,9.5952,1
5,R_Clavicle,-0.93743,-0.26632,0.22429,0,-0.24339,0.0406,-0.96908,0,0.24898,-0.96303,-0.10288,0,-6.20958,136.31267,-3.25551,1
5,R_Finger0,0.53163,-0.84676,-0.01928,0,-0.32528,-0.1831,-0.92772,0,0.78202,0.49948,-0.37277,0,-22.24554,81.63579,4.75786,1
5,R_Finger01,0.17987,-0.97161,-0.1537,0,-0.48415,0.04858,-0.87364,0,0.8563,0.23155,-0.46167,0,-20.07616,78.18051,4.67919,1
5,R_Finger1,0.2109,-0.97571,-0.05925,0,0.83043,0.21081,-0.51569,0,0.51566,0.05955,0.85472,0,-24.11434,76.66342,4.72139,1
5,R_Finger2,0.25668,-0.95508,-0.14815,0,0.81391,0.29626,-0.49978,0,0.52122,0.00771,0.85339,0,-25.22091,76.74318,3.47717,1
5,R_Finger3,0.28976,-0.93891,-0.18569,0,0.79419,0.34414,-0.50083,0,0.53414,-0.00235,0.84539,0,-26.15143,76.99875,2.22912,1
5,R_Finger4,0.36229,-0.89327,-0.26612,0,0.75178,0.44883,-0.4831,0,0.55098,-0.02504,0.83414,0,-26.76068,77.11583,0.9273,1
5,R_Finger11,0.60336,-0.70894,-0.36518,0,0.59159,0.70498,-0.39119,0,0.53478,0.01999,0.84475,0,-23.36358,73.19011,4.51046,1
5,R_Finger21,0.62156,-0.66472,-0.4145,0,0.56966,0.74674,-0.34331,0,0.53773,-0.02274,0.84281,0,-24.24019,73.09405,2.91114,1
5,R_Finger31,0.68577,-0.55261,-0.47364,0,0.4745,0.83292,-0.28477,0,0.55187,-0.02946,0.83341,0,-25.07234,73.50215,1.53759,1
5,R_Finger41,0.68694,-0.52909,-0.49817,0,0.45772,0.84746,-0.2689,0,0.56445,-0.0433,0.82433,0,-25.50025,74.00805,0.00144,1
5,R_Foot,0.08881,-0.99603,0.0059,0,-0.43986,-0.03391,0.89743,0,-0.89366,-0.0823,-0.44113,0,-6.57882,6.29284,-3.35377,1
5,R_Forearm,-0.13752,-0.98273,0.12384,0,-0.63929,-0.00744,-0.76893,0,0.75657,-0.18492,-0.62722,0,-21.46775,108.70148,0.10618,1
5,R_Hand,-0.03357,-0.99699,-0.06987,0,0.84549,0.00895,-0.53391,0,0.53293,-0.07699,0.84265,0,-24.90422,84.14502,3.20073,1
5,R_Thigh,-0.03584,-0.96863,0.24591,0,-0.23351,0.24737,0.94036,0,-0.97169,-0.02372,-0.23505,0,-9.50532,85.94552,0.70504,1
5,R_Toe0,-0.44881,0.10004,0.88801,0,-0.04387,0.99005,-0.1337,0,-0.89255,-0.09896,-0.43995,0,-10.97252,-0.24885,6.76773,1
5,R_UpperArm,-0.20727,-0.97754,0.03819,0,-0.6202,0.10111,-0.7779,0,0.75657,-0.18492,-0.62722,0,-16.21612,133.46982,-0.86135,1
5,Spine,-0.03182,0.99742,-0.06429,0,-0.06414,0.06215,0.996,0,0.99743,0.03582,0.06199,0,-1.2136,97.12748,-1.72627,1
5,Spine1,-0.02026,0.99979,-0.00316,0,-0.03362,0.00248,0.99943,0,0.99923,0.02035,0.03356,0,-1.63927,110.49067,-2.59823,1
5,Spine2,-0.03281,0.99935,0.01489,0,-0.02809,-0.01582,0.99948,0,0.99907,0.03238,0.02859,0,-1.91035,123.88617,-2.6512,1
6,Head,-0.04137,0.99653,0.07227,0,0.05458,-0.06997,0.99605,0,0.99765,0.04515,-0.05149,0,-3.63742,146.88337,-2.0148,1
6,L_Calf,0.03551,-0.99269,-0.11539,0,0.24465,-0.10332,0.96409,0,-0.96896,-0.06246,0.23919,0,12.01484,52.26494,13.04432,1
6,L_Clavicle,0.94317,-0.14365,0.29964,0,0.31045,0.05937,-0.94873,0,0.1185,0.98785,0.1006,0,0.75168,136.28768,-2.92063,1
6,L_Finger0,-0.56412,-0.80524,0.18266,0,0.08704,-0.27798,-0.95664,0,0.82109,-0.52376,0.2269,0,18.65043,83.42263,6.16726,1
6,L_Finger01,-0.4164,-0.89608,0.15381,0,0.22599,-0.26588,-0.93715,0,0.88065,-0.35546,0.31321,0,16.34848,80.13677,6.91261,1
6,L_Finger1,0.07365,-0.97761,0.19712,0,-0.94742,-0.13031,-0.29227,0,0.31141,-0.16523,-0.9358,0,20.18867,78.34128,5.98843,1
6,L_Finger2,-0.25348,-0.96732,0.00682,0,-0.91916,0.23865,-0.31336,0,0.30148,-0.0857,-0.94961,0,20.9684,78.29131,4.51586,1
6,L_Finger3,-0.49327,-0.86486,-0.09331,0,-0.81227,0.49633,-0.30637,0,0.31128,-0.07533,-0.94733,0,21.58591,78.42801,3.07058,1
6,L_Finger4,-0.5321,-0.83371,-0.14762,0,-0.78636,0.55125,-0.27885,0,0.31386,-0.0323,-0.94892,0,21.87168,78.44542,1.6572,1
6,L_Finger11,-0.27444,-0.96048,0.04647,0,-0.90872,0.24323,-0.33921,0,0.31451,-0.13532,-0.93956,0,20.45086,74.86121,6.69012,1
6,L_Finger21,-0.63177,-0.75754,-0.16433,0,-0.70793,0.65022,-0.27577,0,0.31576,-0.05789,-0.94707,0,19.99989,74.59542,4.54194,1
6,L_Finger31,-0.78636,-0.57002,-0.23816,0,-0.52396,0.81962,-0.23169,0,0.32727,-0.0574,-0.94319,0,19.74893,75.2072,2.72308,1
6,L_Finger41,-0.86245,-0.40974,-0.29715,0,-0.3817,0.91207,-0.1498,0,0.33239,-0.01577,-0.94301,0,20.02043,75.54484,1.14363,1
6,L_Foot,-0.07775,-0.99694,0.00837,0,0.34106,-0.0187,0.93986,0,-0.93682,0.07593,0.34147,0,13.67185,5.94043,7.6594,1
6,L_Forearm,0.17327,-0.97763,0.11919,0,0.52757,-0.01006,-0.84945,0,0.83165,0.21007,0.51403,0,16.65989,110.10696,0.90152,1
6,L_Hand,-0.03727,-0.99918,-0.01608,0,-0.94689,0.04046,-0.31901,0,0.31939,0.00333,-0.94762,0,20.98967,85.67772,3.87989,1
6,L_Thigh,0.13564,-0.94324,0.30315,0,0.20668,0.32618,0.92244,0,-0.96896,-0.06246,0.23919,0,7.11113,86.3656,2.08467,1
6,L_Toe0,0.34749,0.07702,0.93452,0,0.05584,0.99315,-0.10262,0,-0.93602,0.08784,0.3408,0,17.02371,-0.43602,18.27301,1
6,L_UpperArm,0.2305,-0.97276,0.02461,0,0.5052,0.09802,-0.85742,0,0.83165,0.21007,0.51403,0,10.81958,134.75424,0.27792,1
6,Neck,-0.04296,0.99867,0.02865,0,-0.01937,-0.0295,0.99938,0,0.99889,0.04238,0.02061,0,-3.20856,136.91383,-2.30081,1
6,Pelvis,-0.04864,0.9965,-0.06792,0,-0.0652,0.06468,0.99577,0,0.99669,0.05286,0.06183,0,-1.38085,85.91522,1.55789,1
6,R_Calf,0.10102,-0.95021,-0.29478,0,-0.21674,-0.31019,0.92564,0,-0.97099,-0.02962,-0.23729,0,-11.11121,50.58328,10.45225,1
6,R_Clavicle,-0.9341,-0.2675,0.23642,0,-0.25464,0.03506,-0.9664,0,0.25022,-0.96292,-0.10087,0,-7.07268,135.95573,-3.08202,1
6,R_Finger0,0.50889,-0.86081,-0.00573,0,-0.3455,-0.19814,-0.91726,0,0.78845,0.46876,-0.39825,0,-23.62916,81.35334,5.02019,1
6,R_Finger01,0.15182,-0.97967,-0.1311,0,-0.49734,0.03891,-0.86668,0,0.85417,0.19678,-0.48133,0,-21.55258,77.84071,4.99679,1
6,R_Finger1,0.21036,-0.97596,-0.05701,0,0.82062,0.20798,-0.53228,0,0.53134,0.06519,0.84465,0,-25.62779,76.43314,5.1437,1
6,R_Finger2,0.24948,-0.95784,-0.14248,0,0.80688,0.28697,-0.51633,0,0.53545,0.01385,0.84445,0,-26.75265,76.51033,3.91583,1
6,R_Finger3,0.27746,-0.94412,-0.17793,0,0.78893,0.32959,-0.51862,0,0.54828,0.00353,0.83629,0,-27.69701,76.75843,2.6767,1
6,R_Finger4,0.35005,-0.89977,-0.26051,0,0.74745,0.43593,-0.50128,0,0.5646,-0.01925,0.82514,0,-28.32478,76.8582,1.38226,1
6,R_Finger11,0.62328,-0.67483,-0.39512,0,0.55316,0.73762,-0.38722,0,0.55275,0.02278,0.83303,0,-24.87895,72.95894,4.94075,1
6,R_Finger21,0.6353,-0.63684,-0.43684,0,0.53846,0.77076,-0.34057,0,0.55359,-0.01885,0.83258,0,-25.79945,72.85064,3.37144,1
6,R_Finger31,0.69389,-0.52335,-0.49459,0,0.4433,0.85174,-0.27932,0,0.56745,-0.02543,0.82302,0,-26.66372,73.24245,2.01408,1
6,R_Finger41,0.69366,-0.50116,-0.51738,0,0.42818,0.86448,-0.26332,0,0.57923,-0.03888,0.81424,0,-27.10692,73.72778,0.47591,1
6,R_Foot,0.08979,-0.99587,0.01335,0,-0.45483,-0.02907,0.89011,0,-0.88604,-0.086,-0.45556,0,-6.39708,6.24083,-3.30377,1
6,R_Forearm,-0.14298,-0.9811,0.13034,0,-0.62675,-0.01217,-0.77913,0,0.76599,-0.1931,-0.61316,0,-22.67414,108.40753,0.18411,1
6,R_Hand,-0.06082,-0.99721,-0.04326,0,0.83635,-0.02726,-0.54752,0,0.54482,-0.06948,0.83567,0,-26.24706,83.89159,3.44113,1
6,R_Thigh,-0.03425,-0.96484,0.26059,0,-0.23666,0.26116,0.93583,0,-0.97099,-0.02962,-0.23729,0,-9.87284,85.46485,1.03112,1
6,R_Toe0,-0.46331,0.09469,0.88112,0,-0.04631,0.99033,-0.13078,0,-0.88499,-0.1014,-0.45444,0,-10.95291,-0.24553,6.78159,1
6,R_UpperArm,-0.22222,-0.97456,0.0293,0,-0.60322,0.11381,-0.78941,0,0.76599,-0.1931,-0.61316,0,-17.04375,133.10032,-0.55832,1
6,Spine,-0.04869,0.99656,-0.06712,0,-0.06516,0.06389,0.99583,0,0.99669,0.05286,0.06183,0,-1.77149,96.77849,-1.43254,1
6,Spine1,-0.02475,0.99967,-0.00661,0,-0.03128,0.00584,0.99949,0,0.9992,0.02494,0.03113,0,-2.42314,110.13002,-2.34252,1
6,Spine2,-0.03391,0.99936,0.01112,0,-0.02553,-0.01198,0.9996,0,0.9991,0.03361,0.02592,0,-2.75442,123.52391,-2.44179,1
7,Head,-0.0384,0.99649,0.07435,0,0.06943,-0.07157,0.99502,0,0.99685,0.04337,-0.06644,0,-4.60047,146.49362,-1.8815,1
7,L_Calf,0.04343,-0.99109,-0.1259,0,0.22157,-0.11333,0.96854,0,-0.97418,-0.06996,0.21467,0,11.56001,52.15729,13.4663,1
7,L_Clavicle,0.93864,-0.14757,0.31173,0,0.32262,0.0561,-0.94486,0,0.12195,0.98746,0.10026,0,-0.24973,135.87898,-2.74976,1
7,L_Finger0,-0.54237,-0.80372,0.24469,0,0.10613,-0.35446,-0.92903,0,0.83341,-0.47791,0.27754,0,17.8361,83.07983,6.64843,1
7,L_Finger01,-0.41769,-0.87527,0.2438,0,0.23648,-0.3638,-0.90096,0,0.87727,-0.31867,0.35895,0,15.6229,79.80016,7.64691,1
7,L_Finger1,0.12911,-0.94939,0.28635,0,-0.93525,-0.21256,-0.28305,0,0.32959,-0.23126,-0.91536,0,19.52302,78.0482,6.88343,1
7,L_Finger2,-0.23108,-0.96981,0.07791,0,-0.9208,0.19213,-0.33944,0,0.31422,-0.15018,-0.9374,0,20.31988,77.90611,5.42613,1
7,L_Finger3,-0.49747,-0.86642,-0.04284,0,-0.80507,0.47951,-0.34919,0,0.32308,-0.13922,-0.93607,0,20.94889,77.94735,3.97993,1
7,L_Finger4,-0.52959,-0.84256,-0.0981,0,-0.78455,0.5305,-0.32102,0,0.32252,-0.09304,-0.94198,0,21.24943,77.86234,2.57207,1
7,L_Finger11,-0.22833,-0.96511,0.12817,0,-0.91553,0.16807,-0.36547,0,0.33117,-0.20079,-0.92196,0,19.98263,74.66859,7.90276,1
7,L_Finger21,-0.63006,-0.76682,-0.12256,0,-0.70345,0.63044,-0.32817,0,0.32891,-0.12055,-0.93663,0,19.43699,74.20068,5.72381,1
7,L_Finger31,-0.79255,-0.57077,-0.21469,0,-0.50646,0.81218,-0.28958,0,0.33964,-0.12077,-0.93277,0,19.09625,74.72072,3.8204,1
7,L_Finger41,-0.8743,-0.39027,-0.28859,0,-0.34372,0.91761,-0.19959,0,0.34271,-0.07531,-0.93642,0,19.40694,74.93097,2.23077,1
7,L_Foot,-0.07899,-0.99686,0.0057,0,0.34214,-0.02174,0.9394,0,-0.93632,0.07615,0.34279,0,13.58679,5.90714,7.59098,1
7,L_Forearm,0.1902,-0.97663,0.10009,0,0.49726,0.00793,-0.86757,0,0.8465,0.21478,0.48714,0,15.381,109.62135,1.70974,1
7,L_Hand,-0.00808,-0.99802,0.06232,0,-0.94413,-0.01292,-0.32933,0,0.32948,-0.0615,-0.94216,0,20.13372,85.21722,4.2108,1
7,L_Thigh,0.13518,-0.94226,0.30637,0,0.18085,0.32748,0.92739,0,-0.97418,-0.06996,0.21467,0,6.67275,86.22261,2.39004,1
7,L_Toe0,0.34766,0.05665,0.93591,0,0.061,0.99469,-0.08287,0,-0.93564,0.0859,0.34236,0,16.94317,-0.50288,18.18293,1
7,L_UpperArm,0.22146,-0.97415,0.04467,0,0.48414,0.07007,-0.87218,0,0.8465,0.21478,0.48714,0,9.76976,134.30372,0.57784,1
7,Neck,-0.039,0.99886,0.02744,0,-0.02577,-0.02846,0.99926,0,0.99891,0.03826,0.02685,0,-4.21116,136.52211,-2.15544,1
7,Pelvis,-0.072,0.99486,-0.07125,0,-0.07411,0.0659,0.99507,0,0.99465,0.07692,0.06898,0,-1.80186,85.56722,1.80228,1
7,R_Calf,0.10327,-0.94256,-0.31767,0,-0.21064,-0.33286,0.91915,0,-0.97209,-0.02801,-0.23292,0,-11.67493,50.20096,11.22523,1
7,R_Clavicle,-0.92823,-0.26591,0.26014,0,-0.27757,0.02951,-0.96025,0,0.24767,-0.96355,-0.1012,0,-8.07424,135.57927,-2.96003,1
7,R_Finger0,0.46211,-0.88181,-0.09413,0,-0.46725,-0.15188,-0.87098,0,0.75375,0.44647,-0.48221,0,-25.40626,81.05787,5.31929,1
7,R_Finger01,0.08796,-0.98049,-0.1758,0,-0.59993,0.08875,-0.79511,0,0.7952,0.1754,-0.58042,0,-23.52057,77.45955,4.93517,1
7,R_Finger1,0.17029,-0.97732,-0.12589,0,0.75248,0.21146,-0.62375,0,0.63622,0.01149,0.77142,0,-27.60823,76.22964,5.55943,1
7,R_Finger2,0.20013,-0.95578,-0.2155,0,0.74416,0.29135,-0.60111,0,0.63732,-0.04007,0.76956,0,-28.87349,76.39779,4.48716,1
7,R_Finger3,0.22474,-0.94067,-0.25424,0,0.72712,0.33559,-0.5989,0,0.64868,-0.05027,0.7594,0,-29.95309,76.72896,3.38551,1
7,R_Finger4,0.28754,-0.89421,-0.34307,0,0.69138,0.44168,-0.57176,0,0.66281,-0.07279,0.74524,0,-30.73307,76.89988,2.18467,1
7,R_Finger11,0.56629,-0.63824,-0.52151,0,0.49822,0.76913,-0.40027,0,0.65658,-0.03316,0.75353,0,-27.00202,72.7506,5.11128,1
7,R_Finger21,0.576,-0.59552,-0.55999,0,0.48974,0.79988,-0.3469,0,0.65451,-0.07443,0.75238,0,-28.10885,72.74597,3.66379,1
7,R_Finger31,0.62715,-0.47689,-0.61584,0,0.40278,0.8753,-0.26763,0,0.66667,-0.0802,0.74102,0,-29.11614,73.22583,2.43869,1
7,R_Finger41,0.62476,-0.45231,-0.63647,0,0.38968,0.88698,-0.24783,0,0.67663,-0.09319,0.73041,0,-29.73269,73.78881,0.99108,1
7,R_Foot,0.0886,-0.99588,0.01921,0,-0.41204,-0.01909,0.91097,0,-0.90685,-0.08862,-0.41203,0,-6.85558,6.21559,-3.59922,1
7,R_Forearm,-0.15392,-0.97799,0.14083,0,-0.66091,-0.00405,-0.75045,0,0.73451,-0.20859,-0.64575,0,-24.23035,108.19943,0.63773,1
