0,Head,0.99796,0.06198,0.01524,0,-0.06382,0.96869,0.23994,0,0.0001,-0.24042,0.97067,0,-0.54038,15.3491,1.68804,1
0,L_Calf,-0.63414,0.76117,-0.13601,0,-0.76198,-0.58529,0.27715,0,0.13135,0.27939,0.95115,0,2.61995,4.48544,2.30355,1
0,L_Clavicle,0.34232,0.50523,-0.79219,0,0.82257,-0.56862,-0.0072,0,-0.45409,-0.64916,-0.61023,0,0.40878,12.98425,1.19662,1
0,L_Finger0,0.90593,-0.39751,-0.14589,0,-0.26398,-0.79958,0.53943,0,-0.33107,-0.45017,-0.8293,0,2.96335,4.94116,4.81826,1
0,L_Finger01,0.81616,-0.57747,-0.02039,0,-0.4759,-0.69178,0.5431,0,-0.32773,-0.43355,-0.83942,0,2.57014,3.67073,5.64568,1
0,L_Finger1,0.69809,-0.51063,-0.50193,0,0.13312,-0.59623,0.7917,0,-0.70353,-0.6195,-0.34825,0,3.53647,4.68599,4.43607,1
0,L_Finger11,0.69462,-0.46042,-0.55274,0,-0.01749,-0.77894,0.62686,0,-0.71917,-0.42576,-0.54912,0,3.68004,3.57585,5.64735,1
0,L_Foot,0.10927,-0.8945,-0.43351,0,-0.57611,-0.41239,0.70571,0,-0.81003,0.17263,-0.5604,0,1.399,3.5476,2.74764,1
0,L_Forearm,0.61724,-0.44434,-0.64929,0,0.04307,-0.80493,0.5918,0,-0.7856,-0.39325,-0.4777,0,3.10527,9.09593,1.03018,1
0,L_Hand,0.74502,-0.291,-0.60022,0,0.31463,-0.64013,0.70088,0,-0.58818,-0.71102,-0.38535,0,3.31834,5.11377,3.95792,1
0,L_Thigh,-0.38543,-0.92053,-0.06381,0,0.61987,-0.30953,0.72108,0,-0.68352,0.23837,0.68991,0,1.37284,5.10819,0.85281,1
0,L_Toe0,-0.12758,-0.98655,-0.10223,0,-0.62926,0.00084,0.77719,0,-0.76665,0.16348,-0.6209,0,-2.40219,0.82662,7.40391,1
0,L_UpperArm,0.35797,0.19154,-0.91388,0,0.36716,-0.92877,-0.05084,0,-0.85852,-0.31734,-0.40279,0,2.00408,11.88146,1.18266,1
0,Neck,0.93476,-0.0199,0.35471,0,-0.10801,0.93524,0.33712,0,-0.33845,-0.35344,0.87208,0,-0.39168,13.53159,1.19419,1
0,Pelvis,0.73148,0.0188,0.6816,0,0.03871,0.99686,-0.06904,0,-0.68076,0.07689,0.72846,0,0.31605,5.93631,-0.63224,1
0,R_Calf,0.69592,0.64013,-0.32547,0,0.71809,-0.61594,0.32397,0,0.00691,-0.45918,-0.88832,0,-1.71578,4.49958,-3.37194,1
0,R_Clavicle,-0.06402,-0.49536,0.86633,0,-0.66665,-0.62477,-0.4065,0,0.74262,-0.60356,-0.29023,0,-1.05519,12.99655,0.70389,1
0,R_Finger0,-0.15454,0.66952,0.72654,0,0.05123,-0.72896,0.68264,0,0.98666,0.14271,0.07836,0,-5.05484,4.88715,-1.42142,1
0,R_Finger01,-0.14774,0.52446,0.83852,0,0.13011,-0.83015,0.54215,0,0.98043,0.1892,0.05441,0,-4.88431,3.67157,-0.81838,1
0,R_Finger1,-0.33765,0.31202,0.88805,0,-0.1832,-0.9472,0.26315,0,0.92327,-0.07384,0.37698,0,-4.96241,3.97186,-1.92182,1
0,R_Finger11,-0.34195,0.1854,0.92125,0,0.13096,-0.96137,0.24209,0,0.93055,0.20343,0.30446,0,-5.03092,2.66694,-1.58725,1
0,R_Foot,-0.43472,0.88779,-0.15115,0,-0.89191,-0.40122,0.20861,0,0.12455,0.2255,0.96625,0,-0.60598,3.54764,-2.87123,1
0,R_Forearm,-0.29106,0.0993,0.95154,0,-0.3781,-0.92557,-0.01906,0,0.87882,-0.36532,0.30694,0,-2.85213,9.48701,-1.98304,1
0,R_Hand,-0.38468,0.25403,0.88741,0,-0.22135,-0.95872,0.17849,0,0.89612,-0.12777,0.42503,0,-4.74947,4.84238,-2.07871,1
0,R_Thigh,-0.98351,0.02316,0.17939,0,-0.17873,-0.27683,-0.94415,0,0.0278,-0.96064,0.2764,0,-1.359,5.05221,-1.48717,1
0,R_Toe0,-0.00997,0.981,-0.19377,0,-0.98556,0.02312,0.16776,0,0.16905,0.19265,0.9666,0,-6.6797,0.81539,-1.45067,1
0,R_UpperArm,-0.42413,-0.52203,0.74,0,-0.16195,-0.76024,-0.62913,0,0.891,-0.38668,0.2379,0,-2.36625,11.76785,-0.09556,1
0,Spine,0.78237,-0.01701,0.62258,0,-0.04553,0.99539,0.08441,0,-0.62115,-0.09439,0.77799,0,0.30075,7.53682,-0.66045,1
0,Spine1,0.87404,-0.03332,0.48471,0,-0.11599,0.95449,0.27477,0,-0.4718,-0.29638,0.8304,0,0.21571,9.39586,-0.5028,1
0,Spine2,0.94241,-0.01523,0.33412,0,-0.14984,0.87388,0.46247,0,-0.29902,-0.4859,0.82127,0,-0.03187,11.43317,0.08369,1
1,Head,0.99811,0.06006,0.01303,0,-0.06142,0.9684,0.24173,0,0.0019,-0.24207,0.97026,0,-0.54373,15.34927,1.69263,1
1,L_Calf,-0.63569,0.76069,-0.13132,0,-0.76098,-0.58898,0.27205,0,0.1296,0.27287,0.95328,0,2.61907,4.49135,2.31063,1
1,L_Clavicle,0.34508,0.50541,-0.79087,0,0.82201,-0.56945,-0.00525,0,-0.45302,-0.64829,-0.61196,0,0.40175,12.98306,1.20463,1
1,L_Finger0,0.90903,-0.39026,-0.14619,0,-0.25902,-0.80391,0.53539,0,-0.32646,-0.44882,-0.83186,0,2.93986,4.93832,4.83017,1
1,L_Finger01,0.8246,-0.56508,-0.02684,0,-0.46443,-0.70329,0.53822,0,-0.32301,-0.43135,-0.84238,0,2.56114,3.65824,5.64939,1
1,L_Finger1,0.70015,-0.50993,-0.49976,0,0.12491,-0.60167,0.78891,0,-0.70298,-0.61479,-0.35757,0,3.51445,4.68299,4.45031,1
1,L_Finger11,0.69751,-0.45923,-0.55008,0,-0.03104,-0.7863,0.61706,0,-0.71591,-0.41333,-0.56271,0,3.6412,3.56265,5.6528,1
1,L_Foot,0.10921,-0.8945,-0.43353,0,-0.57601,-0.41239,0.70579,0,-0.81012,0.17263,-0.56028,0,1.39972,3.5476,2.74654,1
1,L_Forearm,0.61966,-0.44447,-0.64689,0,0.04056,-0.80496,0.59193,0,-0.78382,-0.39303,-0.48077,0,3.0979,9.09337,1.04299,1
1,L_Hand,0.74738,-0.29118,-0.59719,0,0.31134,-0.64056,0.70196,0,-0.58693,-0.71056,-0.38808,0,3.29855,5.11106,3.9714,1
1,L_Thigh,-0.3782,-0.92326,-0.06748,0,0.62088,-0.30705,0.72127,0,-0.68664,0.23089,0.68936,0,1.36993,5.1091,0.8595,1
1,L_Toe0,-0.12759,-0.98655,-0.10221,0,-0.62915,0.00084,0.77729,0,-0.76674,0.16348,-0.62079,0,-2.40079,0.82662,7.40338,1
1,L_UpperArm,0.36074,0.19235,-0.91262,0,0.36742,-0.92868,-0.0505,0,-0.85725,-0.31709,-0.40569,0,1.99596,11.87866,1.19445,1
1,Neck,0.93375,-0.022,0.35724,0,-0.10658,0.93574,0.3362,0,-0.34168,-0.352,0.87141,0,-0.39826,13.53106,1.20042,1
1,Pelvis,0.72944,0.01937,0.68377,0,0.03767,0.99694,-0.06843,0,-0.68301,0.07568,0.72648,0,0.31651,5.93664,-0.62826,1
1,R_Calf,0.69904,0.63482,-0.32915,0,0.71508,-0.61898,0.32485,0,0.00248,-0.46245,-0.88664,0,-1.71033,4.50428,-3.37537,1
1,R_Clavicle,-0.06543,-0.49539,0.8662,0,-0.66607,-0.62469,-0.40757,0,0.74301,-0.60362,-0.28909,0,-1.06092,12.99682,0.70807,1
1,R_Finger0,-0.15127,0.66547,0.73094,0,0.05708,-0.73233,0.67855,0,0.98684,0.14436,0.07279,0,-5.05191,4.88031,-1.43138,1
1,R_Finger01,-0.14356,0.51964,0.84224,0,0.13404,-0.833,0.53679,0,0.98052,0.18995,0.04994,0,-4.87598,3.66178,-0.83591,1
1,R_Finger1,-0.33898,0.30812,0.88891,0,-0.18903,-0.94789,0.25647,0,0.92161,-0.08109,0.37956,0,-4.95953,3.96749,-1.93629,1
1,R_Finger11,-0.34421,0.18138,0.92121,0,0.12323,-0.96395,0.23584,0,0.93077,0.1947,0.30945,0,-5.03706,2.66064,-1.61061,1
1,R_Foot,-0.43473,0.88779,-0.15113,0,-0.8919,-0.40122,0.20864,0,0.12459,0.2255,0.96624,0,-0.60518,3.54765,-2.87333,1
1,R_Forearm,-0.29229,0.09656,0.95144,0,-0.37642,-0.9262,-0.02164,0,0.87913,-0.36447,0.30706,0,-2.85635,9.48633,-1.97971,1
1,R_Hand,-0.38615,0.24992,0.88793,0,-0.22281,-0.95937,0.17313,0,0.89512,-0.13098,0.42615,0,-4.74528,4.83856,-2.08828,1
1,R_Thigh,-0.98367,0.02396,0.17837,0,-0.17806,-0.27381,-0.94516,0,0.0262,-0.96148,0.27361,0,-1.35489,5.05088,-1.4886,1
1,R_Toe0,-0.00997,0.981,-0.19377,0,-0.98556,0.02312,0.16775,0,0.16904,0.19265,0.9666,0,-6.67884,0.81539,-1.45252,1
1,R_UpperArm,-0.42444,-0.52152,0.74018,0,-0.16183,-0.76062,-0.62871,0,0.89088,-0.38663,0.23844,0,-2.37085,11.76829,-0.09348,1
1,Spine,0.78049,-0.01663,0.62495,0,-0.04669,0.9953,0.0848,0,-0.62342,-0.09536,0.77605,0,0.2993,7.53715,-0.65573,1
1,Spine1,0.87263,-0.03359,0.48723,0,-0.11682,0.95431,0.27503,0,-0.47421,-0.29691,0.82884,0,0.2121,9.39603,-0.49736,1
1,Spine2,0.94152,-0.01618,0.33658,0,-0.15034,0.87374,0.46257,0,-0.30157,-0.48612,0.82021,0,-0.03725,11.43297,0.08967,1
2,Head,0.99831,0.05763,0.00791,0,-0.05782,0.96798,0.24427,0,0.00642,-0.24432,0.96967,0,-0.55635,15.34702,1.6987,1
2,L_Calf,-0.63721,0.7601,-0.12732,0,-0.76,-0.59232,0.26751,0,0.12792,0.26722,0.95511,0,2.61773,4.4967,2.31715,1
2,L_Clavicle,0.34995,0.50617,-0.78824,0,0.82156,-0.57012,-0.00136,0,-0.45008,-0.64711,-0.61536,0,0.38754,12.98032,1.21499,1
2,L_Finger0,0.91154,-0.38461,-0.1455,0,-0.25607,-0.80778,0.53096,0,-0.32175,-0.44673,-0.83481,0,2.89946,4.93141,4.84369,1
2,L_Finger01,0.83253,-0.55298,-0.03323,0,-0.45376,-0.71511,0.53171,0,-0.31779,-0.42758,-0.84628,0,2.53299,3.6417,5.65316,1
2,L_Finger1,0.70277,-0.50959,-0.49642,0,0.11436,-0.6078,0.78582,0,-0.70216,-0.60902,-0.36887,0,3.47615,4.67582,4.4672,1
2,L_Finger11,0.70107,-0.45839,-0.54624,0,-0.04556,-0.79325,0.60719,0,-0.71164,-0.4008,-0.57701,0,3.58302,3.5448,5.66054,1
2,L_Foot,0.10926,-0.8945,-0.43351,0,-0.57608,-0.41239,0.70574,0,-0.81006,0.17263,-0.56036,0,1.39996,3.5476,2.74579,1
2,L_Forearm,0.62335,-0.44434,-0.64343,0,0.03645,-0.80545,0.59154,0,-0.78109,-0.39219,-0.48588,0,3.08368,9.08968,1.06109,1
2,L_Hand,0.75084,-0.29135,-0.59275,0,0.3058,-0.64211,0.70298,0,-0.58542,-0.70909,-0.39303,0,3.26402,5.10496,3.98755,1
2,L_Thigh,-0.37235,-0.92547,-0.06979,0,0.62112,-0.30436,0.72221,0,-0.68962,0.22556,0.68815,0,1.36811,5.10904,0.86414,1
2,L_Toe0,-0.12758,-0.98655,-0.10223,0,-0.62923,0.00084,0.77722,0,-0.76668,0.16348,-0.62087,0,-2.40102,0.82662,7.40223,1
2,L_UpperArm,0.36572,0.19426,-0.91023,0,0.3677,-0.92858,-0.05043,0,-0.85501,-0.31625,-0.41103,0,1.98089,11.87463,1.21235,1
2,Neck,0.93246,-0.0236,0.36049,0,-0.10615,0.93591,0.33585,0,-0.34531,-0.35144,0.8702,0,-0.41226,13.52857,1.20693,1
2,Pelvis,0.72783,0.01986,0.68547,0,0.03641,0.99705,-0.06755,0,-0.68479,0.07413,0.72496,0,0.31696,5.93627,-0.6254,1
2,R_Calf,0.7011,0.63108,-0.33195,0,0.71306,-0.62078,0.32584,0,-0.00044,-0.46515,-0.88523,0,-1.70665,4.50706,-3.37846,1
2,R_Clavicle,-0.06962,-0.49624,0.86539,0,-0.66426,-0.62414,-0.41134,0,0.74425,-0.60348,-0.28618,0,-1.07232,12.99511,0.71028,1
2,R_Finger0,-0.15406,0.65679,0.73817,0,0.0577,-0.73983,0.67031,0,0.98637,0.14587,0.07608,0,-5.04892,4.87141,-1.46532,1
2,R_Finger01,-0.14563,0.51004,0.84773,0,0.13667,-0.83828,0.52783,0,0.97985,0.19272,0.05237,0,-4.86999,3.6469,-0.88314,1
2,R_Finger1,-0.34332,0.30111,0.88964,0,-0.19512,-0.94942,0.24605,0,0.91873,-0.08912,0.38471,0,-4.9542,3.96278,-1.97729,1
2,R_Finger11,-0.34972,0.17427,0.92051,0,0.11241,-0.96764,0.2259,0,0.93009,0.18247,0.31881,0,-5.04263,2.65272,-1.66558,1
2,R_Foot,-0.43473,0.88779,-0.15113,0,-0.8919,-0.40122,0.20866,0,0.12461,0.2255,0.96624,0,-0.60462,3.54764,-2.87488,1
2,R_Forearm,-0.29769,0.09287,0.95013,0,-0.37509,-0.9266,-0.02695,0,0.87789,-0.36441,0.31068,0,-2.85673,9.4848,-1.98574,1
2,R_Hand,-0.39058,0.24266,0.88801,0,-0.22389,-0.96071,0.16405,0,0.89293,-0.13475,0.42957,0,-4.73898,4.83502,-2.12098,1
2,R_Thigh,-0.98367,0.02364,0.1784,0,-0.17806,-0.27139,-0.94585,0,0.02606,-0.96218,0.27117,0,-1.35119,5.04883,-1.4903,1
2,R_Toe0,-0.00983,0.981,-0.19374,0,-0.9856,0.02321,0.16752,0,0.16884,0.19259,0.96664,0,-6.67825,0.81539,-1.45396,1
2,R_UpperArm,-0.42757,-0.52109,0.73869,0,-0.15934,-0.76091,-0.62899,0,0.88983,-0.38664,0.24231,0,-2.37869,11.76764,-0.09868,1
2,Spine,0.77859,-0.01614,0.62733,0,-0.04821,0.99518,0.08544,0,-0.62568,-0.09677,0.77406,0,0.29753,7.53678,-0.65163,1
2,Spine1,0.87049,-0.03354,0.49104,0,-0.11861,0.95398,0.27543,0,-0.47767,-0.298,0.82645,0,0.20749,9.39542,-0.49205,1
2,Spine2,0.93962,-0.01686,0.34181,0,-0.15266,0.87327,0.46271,0,-0.3063,-0.48695,0.81796,0,-0.04569,11.43163,0.09584,1
3,Head,0.99848,0.05512,0.00147,0,-0.05378,0.96758,0.24677,0,0.01218,-0.24648,0.96907,0,-0.57501,15.34241,1.70349,1
3,L_Calf,-0.63848,0.75945,-0.12483,0,-0.75925,-0.59497,0.26373,0,0.12602,0.26316,0.95649,0,2.61636,4.50095,2.3229,1
3,L_Clavicle,0.35617,0.50734,-0.7847,0,0.82192,-0.56958,0.0048,0,-0.44451,-0.64667,-0.61986,0,0.37013,12.97558,1.22643,1
3,L_Finger0,0.91568,-0.37601,-0.14193,0,-0.25202,-0.81228,0.52601,0,-0.31307,-0.44589,-0.83855,0,2.85115,4.92679,4.86702,1
3,L_Finger01,0.84205,-0.53817,-0.03655,0,-0.44219,-0.72751,0.52459,0,-0.30891,-0.42557,-0.85057,0,2.49881,3.62712,5.66653,1
3,L_Finger1,0.70732,-0.50899,-0.49054,0,0.10359,-0.61182,0.78419,0,-0.69926,-0.60548,-0.38002,0,3.4312,4.67154,4.49548,1
3,L_Finger11,0.70651,-0.45744,-0.53999,0,-0.05886,-0.79836,0.5993,0,-0.70525,-0.39163,-0.59097,0,3.5187,3.53319,5.68249,1
3,L_Foot,0.10933,-0.8945,-0.4335,0,-0.5762,-0.41239,0.70564,0,-0.80996,0.17263,-0.5605,0,1.39978,3.5476,2.74548,1
3,L_Forearm,0.62909,-0.44409,-0.63799,0,0.0311,-0.80571,0.5915,0,-0.77671,-0.39194,-0.49305,0,3.06919,9.08668,1.08787,1
3,L_Hand,0.75608,-0.2909,-0.58628,0,0.29998,-0.64213,0.70547,0,-0.58169,-0.70926,-0.39824,0,3.22304,5.10069,4.01411,1
3,L_Thigh,-0.36831,-0.92708,-0.06976,0,0.62049,-0.301,0.72415,0,-0.69234,0.22343,0.68611,0,1.36799,5.10654,0.86599,1
3,L_Toe0,-0.12757,-0.98654,-0.10225,0,-0.62936,0.00084,0.77711,0,-0.76657,0.16349,-0.621,0,-2.40201,0.82662,7.40126,1
3,L_UpperArm,0.37291,0.19617,-0.90689,0,0.36844,-0.92834,-0.0493,0,-0.85158,-0.31575,-0.41846,0,1.96417,11.87093,1.23574,1
3,Neck,0.93052,-0.02422,0.36544,0,-0.10725,0.93605,0.33514,0,-0.35019,-0.35104,0.86841,0,-0.42963,13.52378,1.21279,1
3,Pelvis,0.72716,0.01988,0.68618,0,0.03549,0.99715,-0.0665,0,-0.68555,0.07271,0.72438,0,0.31744,5.93425,-0.62371,1
3,R_Calf,0.70077,0.63129,-0.33225,0,0.71339,-0.62036,0.32594,0,-0.00035,-0.46543,-0.88508,0,-1.70705,4.5064,-3.37938,1
3,R_Clavicle,-0.07553,-0.49707,0.86441,0,-0.66064,-0.62439,-0.41677,0,0.7469,-0.60254,-0.28123,0,-1.08567,12.99099,0.71012,1
3,R_Finger0,-0.15863,0.64881,0.74423,0,0.05841,-0.74629,0.66305,0,0.98561,0.14865,0.08049,0,-5.04141,4.8617,-1.51115,1
3,R_Finger01,-0.14963,0.50091,0.85247,0,0.13967,-0.84282,0.51976,0,0.97883,0.19684,0.05615,0,-4.85865,3.63225,-0.94079,1
3,R_Finger1,-0.34991,0.29463,0.88924,0,-0.20151,-0.9507,0.2357,0,0.91485,-0.09671,0.39203,0,-4.94239,3.95694,-2.02913,1
3,R_Finger11,-0.35758,0.16776,0.91869,0,0.10031,-0.97114,0.21638,0,0.92848,0.16953,0.33044,0,-5.04266,2.64398,-1.73106,1
3,R_Foot,-0.43475,0.88779,-0.15108,0,-0.89188,-0.40122,0.20875,0,0.12471,0.2255,0.96623,0,-0.60451,3.54764,-2.87565,1
3,R_Forearm,-0.30389,0.08924,0.94852,0,-0.37355,-0.92704,-0.03246,0,0.87642,-0.36418,0.31505,0,-2.85215,9.48235,-2.00188,1
3,R_Hand,-0.39722,0.23586,0.8869,0,-0.22451,-0.96202,0.15528,0,0.88984,-0.13744,0.43509,0,-4.72666,4.83033,-2.16478,1
3,R_Thigh,-0.98341,0.02263,0.17999,0,-0.17935,-0.27033,-0.94592,0,0.02725,-0.9625,0.2699,0,-1.34901,5.04605,-1.4911,1
3,R_Toe0,-0.0097,0.98101,-0.19371,0,-0.98561,0.02331,0.16739,0,0.16873,0.19254,0.96667,0,-6.678,0.81539,-1.4541,1
3,R_UpperArm,-0.43216,-0.52176,0.73553,0,-0.15574,-0.76019,-0.63076,0,0.88825,-0.38714,0.24727,0,-2.38491,11.76304,-0.10952,1
3,Spine,0.77712,-0.01588,0.62915,0,-0.04951,0.99504,0.08627,0,-0.6274,-0.0982,0.77248,0,0.29646,7.53477,-0.64833,1
3,Spine1,0.86794,-0.03333,0.49555,0,-0.12088,0.95357,0.27585,0,-0.48173,-0.29933,0.82361,0,0.20399,9.39315,-0.4872,1
3,Spine2,0.93686,-0.01728,0.34927,0,-0.15642,0.87258,0.46275,0,-0.31276,-0.48817,0.81478,0,-0.05403,11.4285,0.1016,1
4,Head,0.99858,0.05296,-0.00625,0,-0.04975,0.96734,0.24855,0,0.01921,-0.24788,0.9686,0,-0.59683,15.33714,1.70765,1
4,L_Calf,-0.63955,0.75887,-0.12286,0,-0.75848,-0.59685,0.26169,0,0.12526,0.26055,0.9573,0,2.61491,4.50396,2.32611,1
4,L_Clavicle,0.36383,0.50886,-0.78018,0,0.82216,-0.56913,0.0122,0,-0.43782,-0.64587,-0.62543,0,0.34909,12.97001,1.23801,1
4,L_Finger0,0.91867,-0.3696,-0.13942,0,-0.24974,-0.81687,0.51995,0,-0.30606,-0.44285,-0.84274,0,2.79306,4.91988,4.89073,1
4,L_Finger01,0.85037,-0.52453,-0.04174,0,-0.4314,-0.74041,0.51545,0,-0.30127,-0.42031,-0.8559,0,2.45264,3.60951,5.67747,1
4,L_Finger1,0.71087,-0.50944,-0.48491,0,0.09083,-0.61719,0.78156,0,-0.69744,-0.59963,-0.39247,0,3.37605,4.66415,4.52416,1
4,L_Finger11,0.71111,-0.45747,-0.53389,0,-0.07414,-0.80392,0.59009,0,-0.69916,-0.38004,-0.6056,0,3.44086,3.51673,5.70295,1
4,L_Foot,0.10937,-0.8945,-0.43349,0,-0.57627,-0.41239,0.70558,0,-0.80991,0.17263,-0.56057,0,1.39957,3.5476,2.74543,1
4,L_Forearm,0.63494,-0.44411,-0.63215,0,0.02475,-0.80614,0.59121,0,-0.77216,-0.39103,-0.50086,0,3.05074,9.08266,1.1168,1
4,L_Hand,0.76094,-0.29134,-0.57973,0,0.29217,-0.64394,0.70709,0,-0.57932,-0.70743,-0.40488,0,3.17321,5.09454,4.04163,1
4,L_Thigh,-0.36686,-0.92775,-0.06848,0,0.61951,-0.29856,0.726,0,-0.69399,0.22391,0.68428,0,1.36852,5.10463,0.86548,1
4,L_Toe0,-0.12749,-0.98656,-0.10222,0,-0.6295,0.00084,0.777,0,-0.76647,0.16341,-0.62115,0,-2.40264,0.82662,7.40087,1
4,L_UpperArm,0.3814,0.19869,-0.90281,0,0.36915,-0.92811,-0.0483,0,-0.8475,-0.31485,-0.42733,0,1.94359,11.86623,1.26167,1
4,Neck,0.92787,-0.0255,0.37204,0,-0.10836,0.93617,0.33443,0,-0.35682,-0.35062,0.86588,0,-0.45044,13.51835,1.21786,1
4,Pelvis,0.72702,0.02015,0.68632,0,0.03429,0.99726,-0.06559,0,-0.68576,0.07122,0.72433,0,0.31721,5.93241,-0.62364,1
4,R_Calf,0.69907,0.63384,-0.33098,0,0.71505,-0.61838,0.32604,0,0.00199,-0.46459,-0.88552,0,-1.70967,4.50335,-3.37972,1
4,R_Clavicle,-0.08253,-0.49853,0.86293,0,-0.65658,-0.6242,-0.42341,0,0.74973,-0.60153,-0.27581,0,-1.1017,12.98669,0.70784,1
4,R_Finger0,-0.16415,0.64085,0.74991,0,0.05721,-0.75276,0.6558,0,0.98478,0.15055,0.0869,0,-5.03343,4.85212,-1.5706,1
4,R_Finger01,-0.15501,0.49224,0.85655,0,0.14053,-0.84722,0.51231,0,0.97787,0.19979,0.06216,0,-4.84926,3.61773,-1.01141,1
4,R_Finger1,-0.35801,0.2875,0.88836,0,-0.20945,-0.9519,0.22365,0,0.90992,-0.106,0.401,0,-4.92976,3.9515,-2.09486,1
4,R_Finger11,-0.36715,0.1606,0.91619,0,0.0865,-0.97482,0.20554,0,0.92613,0.15472,0.34401,0,-5.04405,2.63563,-1.81255,1
4,R_Foot,-0.43476,0.88779,-0.15105,0,-0.89186,-0.40122,0.20881,0,0.12478,0.2255,0.96622,0,-0.60456,3.54764,-2.87582,1
4,R_Forearm,-0.31205,0.0846,0.94629,0,-0.37169,-0.92751,-0.03965,0,0.87434,-0.3641,0.32087,0,-2.84745,9.48027,-2.02255,1
4,R_Hand,-0.40538,0.22885,0.88504,0,-0.22609,-0.96318,0.1455,0,0.88575,-0.14112,0.44219,0,-4.71265,4.82591,-2.22152,1
4,R_Thigh,-0.98301,0.02084,0.18238,0,-0.18116,-0.27031,-0.94557,0,0.02959,-0.96255,0.26949,0,-1.34802,5.04296,-1.49211,1
4,R_Toe0,-0.00956,0.98102,-0.19367,0,-0.98565,0.0234,0.1672,0,0.16856,0.19249,0.96671,0,-6.67795,0.81539,-1.45385,1
4,R_UpperArm,-0.4375,-0.5223,0.73198,0,-0.15149,-0.75957,-0.63253,0,0.88637,-0.38762,0.25319,0,-2.39296,11.7591,-0.12485,1
4,Spine,0.77584,-0.01546,0.63074,0,-0.05101,0.99489,0.08713,0,-0.62886,-0.09978,0.77109,0,0.29428,7.53292,-0.64682,1
4,Spine1,0.86503,-0.03317,0.50062,0,-0.12345,0.95307,0.27645,0,-0.48629,-0.30094,0.82034,0,0.19901,9.39103,-0.48408,1
4,Spine2,0.93348,-0.01814,0.35817,0,-0.16073,0.87164,0.46304,0,-0.3206,-0.48981,0.81074,0,-0.06448,11.4253,0.10598,1
5,Head,0.99836,0.05086,-0.02642,0,-0.04278,0.96805,0.24709,0,0.03814,-0.24555,0.96863,0,-0.62421,15.33198,1.71192,1
5,L_Calf,-0.64009,0.7586,-0.12166,0,-0.75799,-0.59769,0.26117,0,0.12541,0.25939,0.9576,0,2.61382,4.50531,2.32707,1
5,L_Clavicle,0.37215,0.51085,-0.77494,0,0.82223,-0.5688,0.0199,0,-0.43062,-0.64459,-0.63172,0,0.32419,12.96445,1.2513,1
5,L_Finger0,0.9228,-0.3604,-0.13617,0,-0.24526,-0.82211,0.5138,0,-0.29712,-0.44074,-0.84704,0,2.72748,4.90677,4.9086,1
5,L_Finger01,0.85981,-0.5086,-0.04524,0,-0.41898,-0.75338,0.50683,0,-0.29186,-0.41682,-0.86086,0,2.40216,3.58567,5.68326,1
5,L_Finger1,0.71663,-0.5078,-0.4781,0,0.07862,-0.6223,0.77882,0,-0.69301,-0.59571,-0.40603,0,3.31474,4.65269,4.54774,1
5,L_Finger11,0.71784,-0.45542,-0.52659,0,-0.08783,-0.80956,0.58043,0,-0.69064,-0.3704,-0.62114,0,3.35844,3.49648,5.71796,1
5,L_Foot,0.1094,-0.8945,-0.43348,0,-0.57632,-0.41239,0.70554,0,-0.80987,0.17263,-0.56063,0,1.39926,3.5476,2.74555,1
5,L_Forearm,0.64213,-0.44281,-0.62578,0,0.01784,-0.80745,0.58966,0,-0.76639,-0.3898,-0.51059,0,3.02828,9.07856,1.14688,1
5,L_Hand,0.76756,-0.28894,-0.57216,0,0.28541,-0.64521,0.7087,0,-0.57393,-0.70727,-0.41277,0,3.11652,5.08395,4.06406,1
5,L_Thigh,-0.36754,-0.92759,-0.06693,0,0.61843,-0.29752,0.72734,0,-0.69459,0.22594,0.683,0,1.36961,5.1039,0.86373,1
5,L_Toe0,-0.1273,-0.98659,-0.10212,0,-0.62973,0.00085,0.77681,0,-0.76631,0.1632,-0.62139,0,-2.40328,0.82662,7.40073,1
5,L_UpperArm,0.39066,0.20191,-0.89812,0,0.36992,-0.92784,-0.04768,0,-0.84294,-0.3136,-0.43716,0,1.91884,11.86131,1.28989,1
5,Neck,0.92594,-0.02513,0.37684,0,-0.11018,0.93641,0.33316,0,-0.36125,-0.35001,0.86429,0,-0.47511,13.51283,1.22427,1
5,Pelvis,0.7271,0.02059,0.68623,0,0.03265,0.99738,-0.06451,0,-0.68576,0.06931,0.72452,0,0.3167,5.93158,-0.62432,1
5,R_Calf,0.69699,0.63702,-0.32925,0,0.71706,-0.61603,0.32608,0,0.00489,-0.46337,-0.88615,0,-1.7131,4.49972,-3.37998,1
5,R_Clavicle,-0.08953,-0.5004,0.86115,0,-0.65256,-0.62373,-0.43028,0,0.75243,-0.60047,-0.2707,0,-1.12101,12.98249,0.70612,1
5,R_Finger0,-0.1702,0.63249,0.75564,0,0.0585,-0.75899,0.64847,0,0.98367,0.15458,0.09218,0,-5.0285,4.84188,-1.63316,1
5,R_Finger01,-0.16128,0.48226,0.86105,0,0.14346,-0.85175,0.50393,0,0.97643,0.2048,0.06818,0,-4.83966,3.60291,-1.08601,1
5,R_Finger1,-0.36719,0.27862,0.88743,0,-0.21522,-0.95364,0.21036,0,0.9049,-0.11375,0.41013,0,-4.91846,3.94646,-2.16496,1
5,R_Finger11,-0.3775,0.15169,0.9135,0,0.07496,-0.97825,0.19342,0,0.92297,0.14149,0.35792,0,-5.04374,2.6274,-1.90012,1
5,R_Foot,-0.4348,0.88779,-0.15093,0,-0.8918,-0.40122,0.20907,0,0.12505,0.2255,0.96618,0,-0.60489,3.54765,-2.87602,1
5,R_Forearm,-0.32139,0.07982,0.94358,0,-0.36987,-0.92787,-0.04749,0,0.87172,-0.36426,0.32774,0,-2.84512,9.47846,-2.04275,1
5,R_Hand,-0.41453,0.21988,0.88307,0,-0.22635,-0.96479,0.13397,0,0.88144,-0.14435,0.4497,0,-4.70116,4.82229,-2.28104,1
5,R_Thigh,-0.98254,0.01928,0.18504,0,-0.18329,-0.27083,-0.94502,0,0.03189,-0.96243,0.26963,0,-1.34721,5.04036,-1.49348,1
5,R_Toe0,-0.00952,0.98102,-0.19366,0,-0.98564,0.02345,0.16725,0,0.16861,0.19247,0.96671,0,-6.67787,0.81539,-1.4523,1
5,R_UpperArm,-0.44316,-0.52269,0.72829,0,-0.14691,-0.75909,-0.63419,0,0.88432,-0.38804,0.25961,0,-2.40436,11.75585,-0.14008,1
5,Spine,0.77462,-0.01488,0.63225,0,-0.05291,0.99469,0.08824,0,-0.63021,-0.1018,0.76972,0,0.29116,7.53208,-0.64575,1
5,Spine1,0.86191,-0.03292,0.506,0,-0.12644,0.95242,0.27734,0,-0.49105,-0.30302,0.81673,0,0.19235,9.38981,-0.48095,1
5,Spine2,0.9297,-0.01906,0.36781,0,-0.16557,0.87043,0.46362,0,-0.32899,-0.49193,0.80609,0,-0.07753,11.4227,0.11101,1
6,Head,0.99652,0.04868,-0.06766,0,-0.03119,0.97054,0.23889,0,0.0773,-0.23595,0.96869,0,-0.64895,15.3285,1.71152,1
6,L_Calf,-0.64086,0.75838,-0.119,0,-0.75735,-0.5993,0.25934,0,0.12536,0.25632,0.95843,0,2.6124,4.50789,2.3295,1
6,L_Clavicle,0.38072,0.51242,-0.76973,0,0.82239,-0.5682,0.0285,0,-0.42275,-0.64387,-0.63774,0,0.29835,12.95864,1.265,1
6,L_Finger0,0.92735,-0.35016,-0.13199,0,-0.2414,-0.82929,0.50399,0,-0.28593,-0.43551,-0.85357,0,2.66116,4.8888,4.92109,1
6,L_Finger01,0.86915,-0.49235,-0.0465,0,-0.40802,-0.76704,0.49515,0,-0.27946,-0.41139,-0.86756,0,2.34933,3.55504,5.67898,1
6,L_Finger1,0.72111,-0.5065,-0.47271,0,0.06684,-0.62825,0.77514,0,-0.68959,-0.59056,-0.41918,0,3.25175,4.63514,4.56541,1
6,L_Finger11,0.72329,-0.45366,-0.52062,0,-0.10163,-0.81565,0.56955,0,-0.68302,-0.35904,-0.63606,0,3.27472,3.46896,5.7253,1
6,L_Foot,0.10937,-0.8945,-0.43349,0,-0.57626,-0.41239,0.70559,0,-0.80992,0.17263,-0.56057,0,1.39886,3.5476,2.74505,1
6,L_Forearm,0.64816,-0.44083,-0.62093,0,0.01135,-0.80971,0.58671,0,-0.76142,-0.38734,-0.51982,0,3.00272,9.07383,1.17844,1
6,L_Hand,0.77296,-0.28811,-0.56527,0,0.27757,-0.64759,0.70963,0,-0.57051,-0.70542,-0.42059,0,3.05887,5.06802,4.08102,1
6,L_Thigh,-0.36776,-0.92762,-0.06538,0,0.61675,-0.29592,0.72941,0,-0.69597,0.22793,0.68094,0,1.37155,5.10326,0.86199,1
6,L_Toe0,-0.1272,-0.98661,-0.10204,0,-0.62975,0.00085,0.7768,0,-0.76631,0.16307,-0.62143,0,-2.40331,0.82662,7.40052,1
6,L_UpperArm,0.39975,0.2049,-0.89343,0,0.3699,-0.92787,-0.0473,0,-0.83867,-0.31158,-0.44671,0,1.89331,11.85665,1.32028,1
6,Neck,0.92566,-0.02414,0.37758,0,-0.10997,0.93772,0.32954,0,-0.36202,-0.34656,0.86535,0,-0.50037,13.50745,1.23087,1
6,Pelvis,0.7274,0.0213,0.68589,0,0.03047,0.99753,-0.06329,0,-0.68554,0.06694,0.72495,0,0.3161,5.93052,-0.62449,1
6,R_Calf,0.69467,0.64082,-0.32678,0,0.71928,-0.61365,0.32568,0,0.00817,-0.46129,-0.88721,0,-1.71693,4.49603,-3.37947,1
6,R_Clavicle,-0.09692,-0.50194,0.85945,0,-0.64864,-0.6231,-0.43705,0,0.7549,-0.59984,-0.26519,0,-1.14101,12.97867,0.70466,1
6,R_Finger0,-0.17333,0.62546,0.76076,0,0.06222,-0.76395,0.64226,0,0.9829,0.15866,0.0935,0,-5.02872,4.83383,-1.68662,1
6,R_Finger01,-0.16344,0.47465,0.86487,0,0.14579,-0.85541,0.49701,0,0.97572,0.20733,0.07061,0,-4.83528,3.59111,-1.14953,1
6,R_Finger1,-0.37561,0.27263,0.88577,0,-0.22354,-0.95419,0.19889,0,0.89941,-0.12329,0.41935,0,-4.91312,3.94237,-2.22387,1
6,R_Finger11,-0.38736,0.14575,0.91033,0,0.06136,-0.98116,0.1832,0,0.91988,0.12682,0.37112,0,-5.0526,2.62132,-1.97394,1
6,R_Foot,-0.43484,0.88779,-0.15082,0,-0.89175,-0.40122,0.2093,0,0.1253,0.2255,0.96615,0,-0.60529,3.54764,-2.87612,1
6,R_Forearm,-0.3297,0.0762,0.94101,0,-0.36873,-0.92796,-0.05404,0,0.8691,-0.3648,0.33404,0,-2.84488,9.47577,-2.06027,1
6,R_Hand,-0.42304,0.21323,0.88067,0,-0.22708,-0.96585,0.12477,0,0.8772,-0.14719,0.45701,0,-4.69522,4.81913,-2.33147,1
6,R_Thigh,-0.982,0.01723,0.18807,0,-0.18565,-0.27089,-0.94454,0,0.03468,-0.96246,0.26921,0,-1.34632,5.0368,-1.49393,1
6,R_Toe0,-0.00918,0.98105,-0.19355,0,-0.98564,0.02377,0.1672,0,0.16863,0.1923,0.96674,0,-6.6779,0.81539,-1.45085,1
6,R_UpperArm,-0.44842,-0.52244,0.72524,0,-0.14273,-0.75913,-0.6351,0,0.88235,-0.38831,0.26584,0,-2.41666,11.75326,-0.15487,1
6,Spine,0.77355,-0.01409,0.63358,0,-0.05513,0.99447,0.08943,0,-0.63134,-0.1041,0.76849,0,0.28711,7.53098,-0.64392,1
6,Spine1,0.85875,-0.03272,0.51135,0,-0.12938,0.95178,0.27816,0,-0.4958,-0.30503,0.81311,0,0.18415,9.38829,-0.47691,1
6,Spine2,0.92577,-0.02038,0.37755,0,-0.17007,0.86939,0.46394,0,-0.33769,-0.49371,0.80138,0,-0.092,11.41982,0.11682,1
7,Head,0.99133,0.04819,-0.12223,0,-0.01939,0.97379,0.22663,0,0.12995,-0.2223,0.96628,0,-0.6704,15.32891,1.70567,1
7,L_Calf,-0.64247,0.75778,-0.11404,0,-0.75606,-0.60254,0.25558,0,0.12496,0.25042,0.96004,0,2.61021,4.51308,2.33443,1
7,L_Clavicle,0.38791,0.51371,-0.76527,0,0.82263,-0.56744,0.03608,0,-0.41571,-0.64352,-0.6427,0,0.27048,12.95449,1.27816,1
7,L_Finger0,0.93266,-0.33765,-0.12702,0,-0.23578,-0.83702,0.49377,0,-0.27304,-0.43057,-0.86027,0,2.59314,4.86277,4.92331,1
7,L_Finger01,0.87981,-0.47282,-0.04875,0,-0.39405,-0.78288,0.48148,0,-0.26582,-0.4044,-0.8751,0,2.29874,3.51492,5.66238,1
7,L_Finger1,0.72922,-0.50029,-0.46685,0,0.05568,-0.63661,0.76917,0,-0.68201,-0.58689,-0.43637,0,3.18916,4.61351,4.57365,1
7,L_Finger11,0.73225,-0.44681,-0.51397,0,-0.11307,-0.82398,0.55522,0,-0.67158,-0.34844,-0.65388,0,3.19352,3.43353,5.71872,1
7,L_Foot,0.10935,-0.8945,-0.43349,0,-0.57623,-0.41239,0.70562,0,-0.80994,0.17263,-0.56053,0,1.39875,3.5476,2.74396,1
7,L_Forearm,0.65538,-0.43688,-0.61612,0,0.00546,-0.81298,0.58227,0,-0.75528,-0.38498,-0.53042,0,2.97365,9.07039,1.20877,1
7,L_Hand,0.78116,-0.28176,-0.55714,0,0.27122,-0.65062,0.70932,0,-0.56234,-0.7052,-0.43181,0,3.00066,5.04845,4.08938,1
7,L_Thigh,-0.3653,-0.92851,-0.06648,0,0.61563,-0.29453,0.73093,0,-0.69826,0.22608,0.67921,0,1.37163,5.10564,0.86387,1
7,L_Toe0,-0.12691,-0.98667,-0.10187,0,-0.63004,0.00086,0.77656,0,-0.76612,0.16273,-0.62175,0,-2.4032,0.82662,7.39961,1
7,L_UpperArm,0.4081,0.20692,-0.88918,0,0.36935,-0.92813,-0.04647,0,-0.83489,-0.30946,-0.45519,0,1.86589,11.854,1.34813,1
7,Neck,0.92706,-0.02334,0.37419,0,-0.10683,0.94024,0.32333,0,-0.35938,-0.33972,0.86916,0,-0.5273,13.50422,1.23731,1
7,Pelvis,0.72689,0.02296,0.68637,0,0.0274,0.99768,-0.06239,0,-0.68621,0.06416,0.72457,0,0.31457,5.93093,-0.62256,1
7,R_Calf,0.69351,0.64259,-0.32577,0,0.72039,-0.61273,0.32496,0,0.00921,-0.46005,-0.88785,0,-1.71851,4.49461,-3.37946,1
7,R_Clavicle,-0.10218,-0.50271,0.8584,0,-0.64541,-0.62313,-0.44175,0,0.75697,-0.59916,-0.26078,0,-1.16328,12.97721,0.70373,1
7,R_Finger0,-0.17811,0.61875,0.76513,0,0.06516,-0.76844,0.63659,0,0.98185,0.16324,0.09655,0,-5.0268,4.82565,-1.73527,1
7,R_Finger01,-0.16749,0.46691,0.8683,0,0.14967,-0.85849,0.49051,0,0.97445,0.21212,0.0739,0,-4.82753,3.57991,-1.2075,1
7,R_Finger1,-0.38434,0.26755,0.88357,0,-0.22888,-0.95482,0.18956,0,0.89437,-0.12938,0.42821,0,-4.90508,3.93749,-2.27663,1
7,R_Finger11,-0.39729,0.14088,0.90682,0,0.04842,-0.98355,0.17401,0,0.91642,0.11304,0.38393,0,-5.05599,2.61467,-2.03933,1
7,R_Foot,-0.43487,0.88779,-0.15073,0,-0.89171,-0.40122,0.20948,0,0.1255,0.2255,0.96613,0,-0.60514,3.54764,-2.87723,1
7,R_Forearm,-0.33763,0.07208,0.93851,0,-0.36638,-0.9285,-0.0605,0,0.86705,-0.36428,0.3399,0,-2.84856,9.47441,-2.07337,1
7,R_Hand,-0.43174,0.20759,0.87779,0,-0.22724,-0.9668,0.11688,0,0.87291,-0.149,0.46458,0,-4.68708,4.81509,-2.37696,1
7,R_Thigh,-0.98162,0.01578,0.19019,0,-0.18735,-0.2696,-0.94457,0,0.03637,-0.96284,0.2676,0,-1.34451,5.0328,-1.49385,1
7,R_Toe0,-0.00959,0.98102,-0.19368,0,-0.98563,0.02339,0.16727,0,0.16862,0.1925,0.9667,0,-6.67748,0.8154,-1.45074,1
7,R_UpperArm,-0.45234,-0.52283,0.72252,0,-0.13865,-0.75907,-0.63608,0,0.881,-0.3879,0.27087,0,-2.43258,11.75172,-0.16505,1
7,Spine,0.77191,-0.01266,0.6356,0,-0.05803,0.99422,0.09028,0,-0.63307,-0.10657,0.76672,0,0.2806,7.5313,-0.6406,1
7,Spine1,0.85548,-0.03247,0.51681,0,-0.13229,0.95121,0.27874,0,-0.50065,-0.30683,0.80945,0,0.17221,9.38816,-0.47198,1
7,Spine2,0.92198,-0.02214,0.38659,0,-0.17372,0.8686,0.46406,0,-0.34607,-0.49502,0.79699,0,-0.11015,11.41848,0.12299,1
8,Head,0.98323,0.04926,-0.17562,0,-0.01055,0.97658,0.21487,0,0.18209,-0.20942,0.96072,0,-0.6951,15.32655,1.70113,1
8,L_Calf,-0.64323,0.7575,-0.11156,0,-0.75536,-0.60398,0.25423,0,0.1252,0.2478,0.96069,0,2.60863,4.51538,2.33603,1
8,L_Clavicle,0.39506,0.51546,-0.76041,0,0.82188,-0.56812,0.04189,0,-0.41041,-0.64151,-0.64809,0,0.2441,12.94883,1.29098,1
8,L_Finger0,0.93673,-0.32736,-0.12398,0,-0.23112,-0.84439,0.48332,0,-0.26291,-0.42408,-0.86662,0,2.52816,4.83091,4.91794,1
8,L_Finger01,0.88843,-0.45605,-0.05216,0,-0.38145,-0.79671,0.46877,0,-0.25534,-0.39657,-0.88178,0,2.24897,3.47023,5.63848,1
8,L_Finger1,0.73553,-0.49556,-0.46197,0,0.04294,-0.64641,0.76178,0,-0.67613,-0.58015,-0.45417,0,3.12859,4.58545,4.57316,1
8,L_Finger11,0.73958,-0.44138,-0.50814,0,-0.12733,-0.83308,0.5383,0,-0.66091,-0.33341,-0.67233,0,3.11094,3.38966,5.70033,1
8,L_Foot,0.10934,-0.8945,-0.43349,0,-0.57622,-0.41239,0.70562,0,-0.80994,0.17263,-0.56052,0,1.39828,3.5476,2.74339,1
8,L_Forearm,0.66247,-0.43257,-0.61157,0,-0.00049,-0.81666,0.57711,0,-0.74909,-0.38202,-0.54123,0,2.94704,9.06379,1.23496,1
8,L_Hand,0.78795,-0.27606,-0.55039,0,0.26458,-0.65534,0.70748,0,-0.55599,-0.70308,-0.44333,0,2.94464,5.0236,4.09005,1
8,L_Thigh,-0.36611,-0.92829,-0.06513,0,0.614,-0.29356,0.73269,0,-0.69926,0.22826,0.67744,0,1.37334,5.106,0.86193,1
8,L_Toe0,-0.12671,-0.98671,-0.10176,0,-0.63026,0.00087,0.77639,0,-0.76598,0.16251,-0.62199,0,-2.40365,0.82662,7.39906,1
8,L_UpperArm,0.41683,0.20971,-0.88446,0,0.36976,-0.928,-0.04577,0,-0.83038,-0.30796,-0.46436,0,1.83807,11.84702,1.37222,1
8,Neck,0.92941,-0.01991,0.36851,0,-0.10567,0.94238,0.3174,0,-0.3536,-0.33394,0.87376,0,-0.55325,13.49875,1.24466,1
8,Pelvis,0.72734,0.02411,0.68586,0,0.02473,0.99781,-0.0613,0,-0.68584,0.06154,0.72515,0,0.313,5.93015,-0.62279,1
8,R_Calf,0.69051,0.64747,-0.32246,0,0.7232,-0.60977,0.32429,0,0.01334,-0.45713,-0.8893,0,-1.72311,4.49004,-3.3784,1
8,R_Clavicle,-0.10679,-0.50433,0.85688,0,-0.64321,-0.62214,-0.44633,0,0.7582,-0.59882,-0.25795,0,-1.1847,12.97311,0.70439,1
8,R_Finger0,-0.18202,0.60805,0.77275,0,0.07529,-0.77495,0.62752,0,0.98041,0.17241,0.09528,0,-5.00903,4.80509,-1.7842,1
8,R_Finger01,-0.16966,0.45507,0.87414,0,0.16081,-0.86233,0.48013,0,0.97229,0.22203,0.07312,0,-4.79453,3.55565,-1.27141,1
8,R_Finger1,-0.38844,0.25642,0.88508,0,-0.22607,-0.95767,0.17824,0,0.89331,-0.13085,0.42997,0,-4.88028,3.92349,-2.33456,1
8,R_Finger11,-0.40116,0.12957,0.9068,0,0.04902,-0.98549,0.1625,0,0.9147,0.10964,0.38899,0,-5.02855,2.59745,-2.11285,1
8,R_Foot,-0.4349,0.88779,-0.15066,0,-0.89167,-0.40122,0.20963,0,0.12566,0.2255,0.96611,0,-0.60542,3.54764,-2.87722,1
8,R_Forearm,-0.34339,0.06434,0.93699,0,-0.36068,-0.93019,-0.0683,0,0.86718,-0.36141,0.34262,0,-2.85751,9.47121,-2.08223,1
8,R_Hand,-0.43548,0.19563,0.87869,0,-0.22157,-0.96937,0.106,0,0.87251,-0.14853,0.46548,0,-4.66745,4.80342,-2.42499,1
8,R_Thigh,-0.98104,0.01336,0.19335,0,-0.18974,-0.2698,-0.94404,0,0.03955,-0.96282,0.26722,0,-1.34435,5.02863,-1.49386,1
8,R_Toe0,-0.0093,0.98104,-0.1936,0,-0.98566,0.02363,0.16708,0,0.16848,0.19237,0.96675,0,-6.67751,0.81539,-1.44971,1
8,R_UpperArm,-0.45495,-0.52264,0.72102,0,-0.13594,-0.75941,-0.63625,0,0.88008,-0.38747,0.27444,0,-2.44967,11.74957,-0.17339,1
8,Spine,0.77121,-0.01157,0.63647,0,-0.06057,0.99396,0.09146,0,-0.63369,-0.10909,0.76586,0,0.2748,7.53046,-0.63901,1
8,Spine1,0.85294,-0.03206,0.52102,0,-0.13515,0.95052,0.27973,0,-0.5042,-0.30901,0.80641,0,0.16167,9.38683,-0.4682,1
8,Spine2,0.91865,-0.02319,0.3944,0,-0.17759,0.86749,0.46467,0,-0.35291,-0.49691,0.7928,0,-0.1268,11.41567,0.12888,1
9,Head,0.97317,0.0503,-0.2245,0,-0.00344,0.97887,0.20444,0,0.23004,-0.19819,0.95279,0,-0.7148,15.32017,1.70238,1
9,L_Calf,-0.64323,0.75733,-0.11272,0,-0.75536,-0.60357,0.2552,0,0.12524,0.2493,0.96029,0,2.60753,4.51473,2.33513,1
9,L_Clavicle,0.399,0.51846,-0.75631,0,0.82126,-0.56891,0.04327,0,-0.40783,-0.63839,-0.65279,0,0.22222,12.94003,1.30712,1
9,L_Finger0,0.94069,-0.31644,-0.12236,0,-0.22442,-0.85084,0.47509,0,-0.25444,-0.41945,-0.87139,0,2.48365,4.80597,4.91392,1
9,L_Finger01,0.89681,-0.43891,-0.05561,0,-0.36742,-0.80889,0.45901,0,-0.24644,-0.39122,-0.88669,0,2.22229,3.43452,5.61991,1
9,L_Finger1,0.73955,-0.4921,-0.45924,0,0.0334,-0.6546,0.75523,0,-0.67227,-0.57387,-0.46768,0,3.08677,4.56291,4.57215,1
9,L_Finger11,0.74451,-0.43728,-0.50447,0,-0.14078,-0.84148,0.52163,0,-0.6526,-0.31734,-0.68805,0,3.05097,3.35341,5.68243,1
9,L_Foot,0.10942,-0.8945,-0.43347,0,-0.57635,-0.41239,0.70552,0,-0.80984,0.17263,-0.56067,0,1.39718,3.5476,2.74405,1
9,L_Forearm,0.66808,-0.42934,-0.60773,0,-0.0049,-0.81926,0.5734,0,-0.74407,-0.3801,-0.54943,0,2.9295,9.05572,1.25286,1
9,L_Hand,0.79205,-0.27252,-0.54625,0,0.261,-0.65774,0.70658,0,-0.55184,-0.70222,-0.44984,0,2.90528,5.00269,4.08959,1
9,L_Thigh,-0.37027,-0.92698,-0.06007,0,0.61145,-0.2919,0.73548,0,-0.69931,0.23559,0.67488,0,1.37735,5.102,0.85543,1
9,L_Toe0,-0.12676,-0.98669,-0.10182,0,-0.63031,0.00087,0.77634,0,-0.76592,0.16259,-0.62203,0,-2.40558,0.82662,7.39905,1
9,L_UpperArm,0.42304,0.2133,-0.88065,0,0.37161,-0.92724,-0.04607,0,-0.8264,-0.30777,-0.47153,0,1.81498,11.83669,1.39105,1
9,Neck,0.93077,-0.01786,0.36517,0,-0.10414,0.94447,0.31165,0,-0.35046,-0.32811,0.87722,0,-0.57532,13.48938,1.2573,1
9,Pelvis,0.72914,0.02408,0.68394,0,0.02279,0.99797,-0.05942,0,-0.68399,0.05891,0.72711,0,0.31155,5.92713,-0.62484,1
9,R_Calf,0.68324,0.65902,-0.31444,0,0.72983,-0.60275,0.32256,0,0.02304,-0.44987,-0.89279,0,-1.73459,4.47918,-3.37394,1
9,R_Clavicle,-0.11027,-0.50678,0.85499,0,-0.64065,-0.62145,-0.45097,0,0.75988,-0.59748,-0.25614,0,-1.20276,12.96482,0.71133,1
9,R_Finger0,-0.18582,0.59793,0.77971,0,0.08417,-0.78093,0.61892,0,0.97897,0.18064,0.09479,0,-4.98527,4.78194,-1.83362,1
9,R_Finger01,-0.17133,0.44449,0.87925,0,0.1719,-0.86527,0.47092,0,0.9701,0.23182,0.07184,0,-4.75645,3.52951,-1.33443,1
9,R_Finger1,-0.39184,0.24704,0.88625,0,-0.22378,-0.95994,0.16864,0,0.8924,-0.13225,0.43143,0,-4.85071,3.90544,-2.3907,1
9,R_Finger11,-0.40441,0.12007,0.90666,0,0.04877,-0.9871,0.15248,0,0.91328,0.10588,0.39334,0,-4.99723,2.57681,-2.18234,1
9,R_Foot,-0.43494,0.88779,-0.15053,0,-0.89161,-0.40122,0.20988,0,0.12594,0.2255,0.96607,0,-0.60664,3.54764,-2.87543,1
9,R_Forearm,-0.34807,0.05456,0.93588,0,-0.35448,-0.93185,-0.07751,0,0.86787,-0.35873,0.34368,0,-2.86357,9.46331,-2.0847,1
9,R_Hand,-0.43832,0.18631,0.8793,0,-0.21662,-0.97134,0.09782,0,0.87233,-0.1476,0.46611,0,-4.64238,4.78719,-2.47368,1
9,R_Thigh,-0.97989,0.0099,0.19931,0,-0.19439,-0.27309,-0.94214,0,0.0451,-0.96194,0.26953,0,-1.34654,5.02435,-1.49319,1
9,R_Toe0,-0.00927,0.98104,-0.19359,0,-0.98568,0.02363,0.16693,0,0.16834,0.19237,0.96678,0,-6.67833,0.8154,-1.44618,1
9,R_UpperArm,-0.45552,-0.52317,0.72027,0,-0.13362,-0.75974,-0.63634,0,0.88014,-0.38611,0.27617,0,-2.46269,11.74266,-0.17557,1
9,Spine,0.77187,-0.01142,0.63568,0,-0.06235,0.99366,0.09355,0,-0.63272,-0.11185,0.76626,0,0.27046,7.52739,-0.63785,1
9,Spine1,0.85153,-0.0318,0.52335,0,-0.13762,0.94961,0.28161,0,-0.50593,-0.31182,0.80424,0,0.15401,9.3832,-0.46312,1
9,Spine2,0.91609,-0.02357,0.40028,0,-0.1814,0.86591,0.46614,0,-0.3576,-0.49964,0.78898,0,-0.13973,11.4101,0.13797,1
10,Head,0.96104,0.05073,-0.27171,0,0.00318,0.98092,0.19438,0,0.27638,-0.18767,0.94255,0,-0.72933,15.31219,1.70704,1
10,L_Calf,-0.64355,0.75685,-0.11408,0,-0.75518,-0.60359,0.2557,0,0.12468,0.25071,0.96,0,2.606,4.51477,2.33545,1
10,L_Clavicle,0.39647,0.52264,-0.75475,0,0.82423,-0.5647,0.04193,0,-0.40429,-0.63872,-0.65467,0,0.20572,12.93073,1.32265,1
10,L_Finger0,0.94239,-0.31041,-0.12466,0,-0.21981,-0.85557,0.46871,0,-0.25214,-0.4143,-0.87451,0,2.46872,4.78671,4.90853,1
10,L_Finger01,0.90252,-0.42589,-0.06384,0,-0.35474,-0.81927,0.45051,0,-0.24417,-0.38395,-0.89049,0,2.22196,3.4063,5.60132,1
10,L_Finger1,0.74226,-0.48872,-0.45847,0,0.02444,-0.66398,0.74735,0,-0.66966,-0.56594,-0.4809,0,3.07365,4.54605,4.56826,1
10,L_Finger11,0.7481,-0.43321,-0.50267,0,-0.15441,-0.85036,0.50304,0,-0.64537,-0.29871,-0.70304,0,3.02019,3.3213,5.65904,1
10,L_Foot,0.10964,-0.8945,-0.43342,0,-0.57669,-0.4124,0.70524,0,-0.80958,0.17262,-0.56106,0,1.39594,3.54761,2.74518,1
10,L_Forearm,0.67247,-0.4246,-0.60622,0,-0.00615,-0.82225,0.56909,0,-0.7401,-0.37897,-0.55555,0,2.92485,9.05671,1.27223,1
10,L_Hand,0.7949,-0.26872,-0.54398,0,0.25767,-0.66219,0.70364,0,-0.54931,-0.69949,-0.45714,0,2.89444,4.98888,4.08763,1
10,L_Thigh,-0.3735,-0.92599,-0.05522,0,0.609,-0.28967,0.73838,0,-0.69973,0.24216,0.67212,0,1.38075,5.09755,0.8499,1
10,L_Toe0,-0.12683,-0.98666,-0.10204,0,-0.63046,0.00077,0.77622,0,-0.76579,0.16278,-0.62215,0,-2.40904,0.82662,7.39835,1
10,L_UpperArm,0.4273,0.21396,-0.87843,0,0.37364,-0.92653,-0.04393,0,-0.82329,-0.30944,-0.47585,0,1.80424,11.83554,1.40398,1
10,Neck,0.93125,-0.01696,0.36399,0,-0.10261,0.94628,0.30664,0,-0.34964,-0.32291,0.87948,0,-0.5926,13.47884,1.27176,1
10,Pelvis,0.73081,0.0238,0.68216,0,0.02164,0.99808,-0.05801,0,-0.68223,0.05716,0.7289,0,0.31045,5.92379,-0.6265,1
10,R_Calf,0.67556,0.67084,-0.30593,0,0.73658,-0.59574,0.32022,0,0.03256,-0.44167,-0.89659,0,-1.74615,4.46834,-3.3688,1
10,R_Clavicle,-0.10904,-0.50881,0.85395,0,-0.6371,-0.62366,-0.45294,0,0.76303,-0.59344,-0.25615,0,-1.21708,12.95508,0.72165,1
10,R_Finger0,-0.19095,0.5875,0.78637,0,0.08967,-0.78732,0.60998,0,0.9775,0.18699,0.09766,0,-4.95469,4.75529,-1.87471,1
10,R_Finger01,-0.17398,0.43447,0.88372,0,0.18188,-0.86779,0.46244,0,0.96781,0.24119,0.07196,0,-4.71406,3.49985,-1.38861,1
10,R_Finger1,-0.39422,0.24096,0.88686,0,-0.22079,-0.96158,0.16312,0,0.8921,-0.13151,0.43228,0,-4.81581,3.88245,-2.43647,1
10,R_Finger11,-0.40659,0.114,0.90647,0,0.0485,-0.98809,0.14602,0,0.91232,0.10333,0.39622,0,-4.96005,2.55204,-2.23617,1
10,R_Foot,-0.43497,0.8878,-0.15038,0,-0.89155,-0.40121,0.21015,0,0.12623,0.22548,0.96604,0,-0.60776,3.54763,-2.87391,1
10,R_Forearm,-0.35023,0.04387,0.93564,0,-0.34777,-0.93359,-0.0864,0,0.86971,-0.35565,0.34222,0,-2.86579,9.45036,-2.08069,1
10,R_Hand,-0.44025,0.17964,0.87972,0,-0.2128,-0.97274,0.09213,0,0.87229,-0.14665,0.46648,0,-4.61096,4.76549,-2.51426,1
10,R_Thigh,-0.97874,0.00743,0.20498,0,-0.199,-0.27666,-0.94014,0,0.04972,-0.96094,0.27226,0,-1.3489,5.02062,-1.49205,1
10,R_Toe0,-0.00954,0.98101,-0.1937,0,-0.98573,0.02332,0.16669,0,0.16804,0.19253,0.9668,0,-6.67906,0.81546,-1.44286,1
10,R_UpperArm,-0.45292,-0.52558,0.72016,0,-0.13192,-0.75936,-0.63715,0,0.88174,-0.38358,0.2746,0,-2.47002,11.72856,-0.16913,1
10,Spine,0.77278,-0.0115,0.63458,0,-0.06356,0.99341,0.0954,0,-0.63149,-0.11406,0.76695,0,0.26773,7.52403,-0.63705,1
10,Spine1,0.85097,-0.03152,0.52427,0,-0.1397,0.94865,0.28379,0,-0.5063,-0.31474,0.80287,0,0.14902,9.37937,-0.45888,1
10,Spine2,0.91464,-0.02335,0.4036,0,-0.18467,0.86397,0.46846,0,-0.35964,-0.503,0.78591,0,-0.14917,11.40422,0.14687,1
11,Head,0.94655,0.05092,-0.31853,0,0.00921,0.9828,0.18447,0,0.32244,-0.17754,0.92979,0,-0.73152,15.29753,1.71312,1
11,L_Calf,-0.6434,0.75655,-0.11689,0,-0.75586,-0.60363,0.2536,0,0.1213,0.25152,0.96022,0,2.6043,4.51485,2.33944,1
11,L_Clavicle,0.39198,0.52655,-0.75439,0,0.82834,-0.55877,0.04039,0,-0.40026,-0.64072,-0.65519,0,0.20132,12.91494,1.3379,1
11,L_Finger0,0.94386,-0.30633,-0.12369,0,-0.21876,-0.86013,0.46079,0,-0.24754,-0.40786,-0.87885,0,2.46486,4.76883,4.91057,1
11,L_Finger01,0.90669,-0.41642,-0.0672,0,-0.34717,-0.82721,0.44181,0,-0.23956,-0.37726,-0.89459,0,2.22569,3.38075,5.58987,1
