0,Head,-0.45786,0.58768,0.66708,0,0.16569,-0.68079,0.71349,0,0.87345,0.43721,0.21433,0,-2.05354,145.66174,-22.59275,1
0,L_Calf,-0.08847,-0.86947,-0.486,0,0.14123,-0.49393,0.85795,0,-0.98602,0.00727,0.1665,0,11.70064,56.33774,-49.25427,1
0,L_Clavicle,0.94069,0.31808,0.11799,0,0.06729,0.16594,-0.98384,0,-0.33252,0.93343,0.1347,0,5.85499,138.07906,-28.26134,1
0,L_Finger0,-0.69883,0.28264,0.65707,0,0.10996,-0.86525,0.48914,0,0.70678,0.41408,0.57359,0,16.55227,109.44703,4.8463,1
0,L_Finger01,-0.69883,0.28264,0.65707,0,0.10996,-0.86525,0.48914,0,0.70678,0.41408,0.57359,0,13.70061,110.60039,7.52755,1
0,L_Finger1,-0.65042,-0.01793,0.75936,0,-0.63465,-0.53646,-0.55627,0,0.41735,-0.84373,0.33754,0,16.58944,110.3098,10.08772,1
0,L_Finger2,-0.54496,-0.04505,0.83725,0,-0.69636,-0.53187,-0.48187,0,0.46702,-0.84563,0.25847,0,17.56767,109.06639,10.61299,1
0,L_Finger3,-0.52951,-0.11474,0.84051,0,-0.68264,-0.53059,-0.50248,0,0.50362,-0.83983,0.20263,0,18.44127,107.78798,10.91523,1
0,L_Finger4,-0.49124,-0.1226,0.86235,0,-0.69886,-0.53545,-0.47423,0,0.51989,-0.83562,0.17736,0,18.96266,106.48363,11.24145,1
0,L_Finger11,-0.65042,-0.01793,0.75936,0,-0.63465,-0.53646,-0.55627,0,0.41735,-0.84373,0.33754,0,14.27409,110.24596,12.79088,1
0,L_Finger21,-0.54496,-0.04505,0.83725,0,-0.69636,-0.53187,-0.48187,0,0.46702,-0.84563,0.25847,0,15.4855,108.89425,13.81193,1
0,L_Finger31,-0.52951,-0.11474,0.84051,0,-0.68264,-0.53059,-0.50248,0,0.50362,-0.83983,0.20263,0,16.46934,107.36069,14.04537,1
0,L_Finger41,-0.49124,-0.1226,0.86235,0,-0.69886,-0.53545,-0.47423,0,0.51989,-0.83562,0.17736,0,17.25359,106.05711,14.24168,1
0,L_Foot,-0.41144,-0.8435,-0.34529,0,0.14679,-0.43522,0.88828,0,-0.89954,0.31479,0.30288,0,7.57206,15.76312,-71.93372,1
0,L_Forearm,-0.11926,-0.44871,0.88568,0,0.47526,-0.80901,-0.34587,0,0.87172,0.37968,0.30974,0,22.77833,118.657,-18.40024,1
0,L_Hand,-0.31631,0.11321,0.94188,0,-0.82537,-0.52231,-0.2144,0,0.46768,-0.84521,0.25865,0,19.7982,107.4445,3.73126,1
0,L_Thigh,-0.08831,-0.87004,-0.48501,0,0.14133,-0.49293,0.85851,0,-0.98602,0.00727,0.1665,0,14.89325,87.79185,-31.71972,1
0,L_Toe0,0.1657,-0.06537,0.98401,0,0.35423,0.93516,0.00247,0,-0.92036,0.34815,0.17811,0,6.6768,5.65507,-64.08716,1
0,L_UpperArm,0.27161,-0.90054,0.33948,0,0.40783,-0.21181,-0.88815,0,0.87172,0.37968,0.30974,0,15.8964,141.47445,-27.00191,1
0,Neck,-0.38851,0.7606,0.52014,0,0.07375,-0.537,0.84035,0,0.91849,0.36484,0.15253,0,1.82486,138.06875,-27.78523,1
0,Pelvis,-0.05603,0.99382,0.09587,0,0.08545,-0.09089,0.99219,0,0.99477,0.06379,-0.07983,0,6.41763,87.24836,-31.03956,1
0,R_Calf,0.02901,-0.99498,0.0958,0,0.09875,0.09822,0.99025,0,-0.99469,-0.01927,0.1011,0,0.64085,57.37293,-9.39834,1
0,R_Clavicle,-0.99879,0.00311,0.0491,0,-0.04814,0.14439,-0.98835,0,-0.01016,-0.98952,-0.14407,0,-1.82909,136.69616,-28.89327,1
0,R_Finger0,-0.09452,-0.99116,0.09311,0,-0.41483,-0.0458,-0.90875,0,0.90498,-0.12452,-0.40683,0,-11.64095,85.38068,-40.51768,1
0,R_Finger01,-0.09452,-0.99116,0.09311,0,-0.41483,-0.0458,-0.90875,0,0.90498,-0.12452,-0.40683,0,-12.02667,81.33616,-40.13774,1
0,R_Finger1,-0.19193,-0.95842,-0.21118,0,0.85193,-0.05588,-0.52066,0,0.48721,-0.27985,0.82723,0,-15.81044,82.08989,-40.45274,1
0,R_Finger2,-0.31715,-0.9184,-0.23655,0,0.83162,-0.14941,-0.53487,0,0.45589,-0.36635,0.81114,0,-16.77513,82.76724,-41.6315,1
0,R_Finger3,-0.32631,-0.89521,-0.30351,0,0.83922,-0.1266,-0.52885,0,0.435,-0.42728,0.79259,0,-17.49868,83.50436,-42.82396,1
0,R_Finger4,-0.3668,-0.8772,-0.3098,0,0.82732,-0.15528,-0.53984,0,0.42544,-0.45432,0.78268,0,-18.02185,83.95876,-44.08865,1
0,R_Finger11,-0.19193,-0.95842,-0.21118,0,0.85193,-0.05588,-0.52066,0,0.48721,-0.27985,0.82723,0,-16.49366,78.67813,-41.20451,1
0,R_Finger21,-0.31715,-0.9184,-0.23655,0,0.83162,-0.14941,-0.53487,0,0.45589,-0.36635,0.81114,0,-17.98687,79.25822,-42.53529,1
0,R_Finger31,-0.32631,-0.89521,-0.30351,0,0.83922,-0.1266,-0.52885,0,0.435,-0.42728,0.79259,0,-18.7139,80.1705,-43.95425,1
0,R_Finger41,-0.3668,-0.8772,-0.3098,0,0.82732,-0.15528,-0.53984,0,0.42544,-0.45432,0.78268,0,-19.29798,80.90688,-45.16649,1
0,R_Foot,0.37134,-0.92429,0.08826,0,0.09851,0.13374,0.98611,0,-0.92326,-0.35748,0.14072,0,1.99486,10.94144,-4.92783,1
0,R_Forearm,-0.03816,-0.99249,-0.11619,0,0.20675,0.10591,-0.97265,0,0.97765,-0.06114,0.20115,0,-11.73765,113.74877,-39.01398,1
0,R_Hand,-0.54749,-0.83397,-0.06895,0,0.70136,-0.41237,-0.58141,0,0.45644,-0.36668,0.81068,0,-12.69131,88.94823,-41.91727,1
0,R_Thigh,0.07465,-0.81134,0.57979,0,0.07085,0.58426,0.80847,0,-0.99469,-0.01927,0.1011,0,-2.05799,86.70491,-30.35938,1
0,R_Toe0,0.08035,0.47636,0.87557,0,-0.40213,0.81924,-0.40881,0,-0.91205,-0.31925,0.25739,0,5.3987,6.72744,6.69968,1
0,R_UpperArm,0.02972,-0.90698,-0.42012,0,0.20813,0.41671,-0.88489,0,0.97765,-0.06114,0.20115,0,-12.49065,136.72933,-28.36911,1
0,Spine,-0.05596,0.99374,0.09666,0,0.09131,-0.09131,0.99163,0,0.99425,0.06432,-0.08563,0,6.3115,98.45453,-32.27117,1
0,Spine1,-0.09177,0.99184,0.08852,0,-0.0116,-0.08995,0.99588,0,0.99571,0.09036,0.01976,0,5.56187,111.77001,-30.98672,1
0,Spine2,-0.18715,0.97055,0.15171,0,-0.05152,-0.16392,0.98513,0,0.98098,0.17655,0.08068,0,4.33288,125.06076,-29.81122,1
1,Head,-0.45751,0.5914,0.66403,0,0.17607,-0.67173,0.71957,0,0.8716,0.44613,0.20319,0,-0.9805,145.96156,-23.8266,1
1,L_Calf,-0.08816,-0.81775,-0.56879,0,0.23348,-0.57207,0.78627,0,-0.96836,-0.06349,0.24136,0,12.56422,55.96493,-49.42151,1
1,L_Clavicle,0.94305,0.30764,0.12659,0,0.09183,0.12501,-0.9879,0,-0.31974,0.94326,0.08964,0,6.87789,138.17397,-29.26799,1
1,L_Finger0,-0.68734,0.28602,0.66765,0,0.07076,-0.88846,0.45347,0,0.72288,0.35893,0.59043,0,16.78726,107.90489,1.59339,1
1,L_Finger01,-0.68734,0.28602,0.66765,0,0.07076,-0.88846,0.45347,0,0.72288,0.35893,0.59043,0,13.98251,109.07203,4.31782,1
1,L_Finger1,-0.65239,-0.02031,0.75761,0,-0.65622,-0.48497,-0.57808,0,0.37916,-0.8743,0.30306,0,16.84974,108.55081,6.86569,1
1,L_Finger2,-0.5484,-0.05519,0.83439,0,-0.71785,-0.48071,-0.5036,0,0.42889,-0.87514,0.22401,0,17.77127,107.24529,7.34032,1
1,L_Finger3,-0.53602,-0.12555,0.83481,0,-0.70404,-0.47919,-0.52412,0,0.46584,-0.86868,0.16846,0,18.58728,105.91851,7.59063,1
1,L_Finger4,-0.49819,-0.13597,0.85634,0,-0.72052,-0.48449,-0.49611,0,0.48234,-0.86417,0.1434,0,19.05023,104.58031,7.86364,1
1,L_Finger11,-0.65239,-0.02031,0.75761,0,-0.65622,-0.48497,-0.57808,0,0.37916,-0.8743,0.30306,0,14.52739,108.47851,9.56263,1
1,L_Finger21,-0.5484,-0.05519,0.83439,0,-0.71785,-0.48071,-0.5036,0,0.42889,-0.87514,0.22401,0,15.67595,107.03445,10.52835,1
1,L_Finger31,-0.53602,-0.12555,0.83481,0,-0.70404,-0.47919,-0.52412,0,0.46584,-0.86868,0.16846,0,16.59108,105.45093,10.69956,1
1,L_Finger41,-0.49819,-0.13597,0.85634,0,-0.72052,-0.48449,-0.49611,0,0.48234,-0.86417,0.1434,0,17.31696,104.10725,10.84293,1
1,L_Foot,-0.44955,-0.68903,-0.56845,0,0.21665,-0.70149,0.67895,0,-0.86658,0.18207,0.46464,0,8.45034,17.80408,-75.96449,1
1,L_Forearm,-0.13803,-0.48364,0.86432,0,0.44882,-0.80847,-0.38071,0,0.8829,0.33537,0.32866,0,23.3941,117.89411,-21.19819,1
1,L_Hand,-0.31328,0.08849,0.94553,0,-0.84695,-0.4764,-0.23603,0,0.42956,-0.87476,0.2242,0,19.94495,105.80894,0.39943,1
1,L_Thigh,-0.06479,-0.87001,-0.48877,0,0.24101,-0.48894,0.83836,0,-0.96836,-0.06349,0.24136,0,14.90637,87.41796,-31.75129,1
1,L_Toe0,0.24686,-0.4125,0.87687,0,0.37169,0.87597,0.30744,0,-0.89494,0.25003,0.36956,0,8.10444,5.65915,-71.85061,1
1,L_UpperArm,0.25455,-0.93,0.26516,0,0.39458,-0.15045,-0.90646,0,0.8829,0.33537,0.32866,0,16.94442,141.45784,-27.91674,1
1,Neck,-0.38255,0.77272,0.50652,0,0.07295,-0.52125,0.85028,0,0.92105,0.36222,0.14303,0,2.83841,138.24761,-28.88314,1
1,Pelvis,-0.01273,0.99625,0.08553,0,0.08493,-0.08416,0.99283,0,0.99631,0.01991,-0.08354,0,6.41763,87.24836,-31.03956,1
1,R_Calf,0.04728,-0.99884,-0.00898,0,0.10001,-0.00421,0.99498,0,-0.99386,-0.04795,0.09969,0,1.37457,57.12272,-10.38336,1
1,R_Clavicle,-0.99943,0.02105,0.02626,0,-0.02391,0.10512,-0.99417,0,-0.02368,-0.99424,-0.10455,0,-0.81277,136.89002,-30.01794,1
1,R_Finger0,-0.13508,-0.9908,-0.00841,0,-0.31419,0.05088,-0.948,0,0.9397,-0.12541,-0.31817,0,-12.55082,85.08741,-40.46662,1
1,R_Finger01,-0.13508,-0.9908,-0.00841,0,-0.31419,0.05088,-0.948,0,0.9397,-0.12541,-0.31817,0,-13.10202,81.04435,-40.50092,1
1,R_Finger1,-0.19755,-0.92761,-0.31705,0,0.9016,-0.04496,-0.43023,0,0.38483,-0.37084,0.84521,0,-16.80323,81.97705,-41.14546,1
1,R_Finger2,-0.31793,-0.88043,-0.35179,0,0.88004,-0.13598,-0.45501,0,0.35277,-0.45425,0.81805,0,-17.61158,82.79383,-42.35309,1
1,R_Finger3,-0.31899,-0.85112,-0.41694,0,0.88765,-0.11412,-0.44615,0,0.33214,-0.51242,0.7919,0,-18.17698,83.66144,-43.54323,1
1,R_Finger4,-0.35796,-0.83099,-0.42583,0,0.87614,-0.14121,-0.46092,0,0.32288,-0.53807,0.7786,0,-18.54424,84.24575,-44.80945,1
1,R_Finger11,-0.19755,-0.92761,-0.31705,0,0.9016,-0.04496,-0.43023,0,0.38483,-0.37084,0.84521,0,-17.50646,78.67497,-42.27407,1
1,R_Finger21,-0.31793,-0.88043,-0.35179,0,0.88004,-0.13598,-0.45501,0,0.35277,-0.45425,0.81805,0,-18.82632,79.42988,-43.6972,1
1,R_Finger31,-0.31899,-0.85112,-0.41694,0,0.88765,-0.11412,-0.44615,0,0.33214,-0.51242,0.7919,0,-19.36492,80.49178,-45.09596,1
1,R_Finger41,-0.35796,-0.83099,-0.42583,0,0.87614,-0.14121,-0.46092,0,0.32288,-0.53807,0.7786,0,-19.78962,81.35465,-46.29095,1
1,R_Foot,0.38972,-0.91992,-0.04308,0,0.11004,7e-005,0.99393,0,-0.91433,-0.3921,0.10125,0,3.58115,10.51092,-10.80255,1
1,R_Forearm,-0.08216,-0.99152,-0.1007,0,0.30111,0.07162,-0.9509,0,0.95005,-0.10844,0.29267,0,-11.27682,113.57989,-39.12161,1
1,R_Hand,-0.56247,-0.80162,-0.20257,0,0.74751,-0.38831,-0.53894,0,0.35336,-0.45456,0.81763,0,-13.32977,88.80372,-41.63791,1
1,R_Thigh,0.09531,-0.8286,0.55167,0,0.05615,0.55779,0.82808,0,-0.99386,-0.04795,0.09969,0,-2.07111,87.07876,-30.32773,1
1,R_Toe0,0.09373,0.24218,0.96569,0,-0.41352,0.89181,-0.18351,0,-0.90566,-0.38214,0.18373,0,7.22821,4.82185,0.10049,1
1,R_UpperArm,0.00807,-0.92885,-0.37036,0,0.31201,0.35422,-0.88158,0,0.95005,-0.10844,0.29267,0,-11.4812,137.11465,-29.73759,1
1,Spine,-0.01266,0.99619,0.08633,0,0.08665,-0.08491,0.99261,0,0.99616,0.02005,-0.08525,0,6.30579,98.44614,-32.34672,1
1,Spine1,-0.07219,0.99522,0.0658,0,-0.02765,-0.06795,0.99731,0,0.99701,0.07018,0.03242,0,6.13642,111.79412,-31.20075,1
1,Spine2,-0.17398,0.97876,0.10847,0,-0.07593,-0.12315,0.98948,0,0.98182,0.16391,0.09574,0,5.16999,125.12971,-30.32963,1
2,Head,-0.41857,0.62225,0.66151,0,0.14328,-0.67403,0.72468,0,0.89681,0.39811,0.19297,0,1.18501,146.3454,-24.51772,1
2,L_Calf,-0.16481,-0.63703,-0.75301,0,0.27403,-0.76297,0.58548,0,-0.94749,-0.10986,0.30031,0,16.54804,51.7132,-39.54971,1
2,L_Clavicle,0.95788,0.26459,0.11163,0,0.08558,0.10807,-0.99045,0,-0.27413,0.95829,0.08088,0,8.58893,138.12029,-29.93777,1
2,L_Finger0,-0.6372,0.22151,0.73818,0,0.04586,-0.94521,0.32322,0,0.76933,0.23981,0.59213,0,17.36666,104.613,-2.11916,1
2,L_Finger01,-0.6372,0.22151,0.73818,0,0.04586,-0.94521,0.32322,0,0.76933,0.23981,0.59213,0,14.76648,105.51689,0.89305,1
2,L_Finger1,-0.61416,-0.09564,0.78336,0,-0.70893,-0.36926,-0.60089,0,0.34673,-0.92439,0.15899,0,17.7248,104.51551,3.17994,1
2,L_Finger2,-0.5085,-0.14558,0.84867,0,-0.76647,-0.37259,-0.52316,0,0.39237,-0.91651,0.07788,0,18.59808,103.11584,3.41914,1
2,L_Finger3,-0.49987,-0.21582,0.83878,0,-0.75363,-0.36887,-0.54403,0,0.42681,-0.90408,0.02174,0,19.35384,101.7312,3.43952,1
2,L_Finger4,-0.46162,-0.23085,0.85651,0,-0.76897,-0.37725,-0.51612,0,0.44226,-0.89688,-0.00337,0,19.75801,100.34825,3.50072,1
2,L_Finger11,-0.61416,-0.09564,0.78336,0,-0.70893,-0.36926,-0.60089,0,0.34673,-0.92439,0.15899,0,15.53853,104.17507,5.96854,1
2,L_Finger21,-0.5085,-0.14558,0.84867,0,-0.76647,-0.37259,-0.52316,0,0.39237,-0.91651,0.07788,0,16.65522,102.5596,6.6617,1
2,L_Finger31,-0.49987,-0.21582,0.83878,0,-0.75363,-0.36887,-0.54403,0,0.42681,-0.90408,0.02174,0,17.49228,100.92747,6.56322,1
2,L_Finger41,-0.46162,-0.23085,0.85651,0,-0.76897,-0.37725,-0.51612,0,0.44226,-0.89688,-0.00337,0,18.15196,99.54511,6.48062,1
2,L_Foot,-0.52993,-0.45916,-0.71298,0,0.26025,-0.88823,0.37858,0,-0.80712,0.01507,0.5902,0,8.85721,21.98551,-74.6897,1
2,L_Forearm,-0.14809,-0.56145,0.81415,0,0.40369,-0.78584,-0.4685,0,0.90283,0.25929,0.34303,0,24.04589,116.59092,-24.10844,1
2,L_Hand,-0.26085,-0.02968,0.96492,0,-0.88173,-0.39965,-0.25066,0,0.39307,-0.91619,0.07808,0,20.34541,102.56123,-3.7644,1
2,L_Thigh,0.04573,-0.97603,-0.21278,0,0.31649,-0.18788,0.92981,0,-0.94749,-0.10986,0.30031,0,14.89487,86.99926,-31.85712,1
2,L_Toe0,0.30815,-0.74863,0.58702,0,0.4617,0.6572,0.59576,0,-0.83179,0.08744,0.54815,0,8.50409,9.16389,-74.84526,1
2,L_UpperArm,0.2065,-0.96117,0.18304,0,0.37717,-0.09442,-0.92132,0,0.90283,0.25929,0.34303,0,18.81378,140.94463,-28.74614,1
2,Neck,-0.33835,0.79746,0.49957,0,0.05175,-0.51431,0.85604,0,0.9396,0.31549,0.13275,0,4.56269,138.38444,-29.5049,1
2,Pelvis,0.03602,0.99691,0.06977,0,0.09361,-0.07288,0.99294,0,0.99496,-0.02924,-0.09594,0,6.41763,87.24836,-31.03956,1
2,R_Calf,0.0574,-0.99366,-0.09671,0,0.12116,-0.08922,0.98862,0,-0.99097,-0.06846,0.11527,0,2.13105,56.06209,-12.86512,1
2,R_Clavicle,-0.997,0.06748,0.03804,0,-0.03166,0.09323,-0.99514,0,-0.0707,-0.99336,-0.09081,0,0.83914,137.18146,-30.57664,1
2,R_Finger0,-0.24252,-0.96997,0.01869,0,-0.25489,0.04512,-0.96592,0,0.93606,-0.23902,-0.25817,0,-13.30007,85.45047,-38.56376,1
2,R_Finger01,-0.24252,-0.96997,0.01869,0,-0.25489,0.04512,-0.96592,0,0.93606,-0.23902,-0.25817,0,-14.2897,81.49242,-38.4875,1
2,R_Finger1,-0.28086,-0.91325,-0.29511,0,0.91316,-0.15964,-0.37504,0,0.29539,-0.37481,0.87878,0,-17.82557,82.79102,-39.37941,1
2,R_Finger2,-0.39326,-0.85486,-0.33846,0,0.88311,-0.24876,-0.3978,0,0.25587,-0.45534,0.85276,0,-18.47264,83.63942,-40.66021,1
2,R_Finger3,-0.38756,-0.82833,-0.40456,0,0.89258,-0.2275,-0.38929,0,0.23043,-0.51197,0.82752,0,-18.87396,84.51284,-41.91118,1
2,R_Finger4,-0.42354,-0.8045,-0.41641,0,0.87897,-0.25378,-0.40374,0,0.21914,-0.53701,0.81462,0,-19.10565,85.08036,-43.2165,1
2,R_Finger11,-0.28086,-0.91325,-0.29511,0,0.91316,-0.15964,-0.37504,0,0.29539,-0.37481,0.87878,0,-18.82537,79.54004,-40.42993,1
2,R_Finger21,-0.39326,-0.85486,-0.33846,0,0.88311,-0.24876,-0.3978,0,0.25587,-0.45534,0.85276,0,-19.97522,80.37318,-41.95339,1
2,R_Finger31,-0.38756,-0.82833,-0.40456,0,0.89258,-0.2275,-0.38929,0,0.23043,-0.51197,0.82752,0,-20.31728,81.42806,-43.41779,1
2,R_Finger41,-0.42354,-0.8045,-0.41641,0,0.87897,-0.25378,-0.40374,0,0.21914,-0.53701,0.81462,0,-20.57921,82.28143,-44.66522,1
2,R_Foot,0.40806,-0.90997,-0.07371,0,0.1312,-0.02145,0.99112,0,-0.90348,-0.41411,0.11064,0,4.80961,9.69225,-17.3781,1
2,R_Forearm,-0.12474,-0.99014,-0.06373,0,0.33648,0.01821,-0.94152,0,0.93339,-0.13889,0.33089,0,-10.48422,113.91906,-38.31629,1
2,R_Hand,-0.63538,-0.74404,-0.20664,0,0.72837,-0.48859,-0.48037,0,0.25645,-0.45573,0.85238,0,-13.6012,89.17733,-39.90888,1
2,R_Thigh,0.11592,-0.86952,0.48011,0,0.06736,0.48913,0.8696,0,-0.99097,-0.06846,0.11527,0,-2.05964,87.49748,-30.22224,1
2,R_Toe0,0.11842,0.13008,0.98441,0,-0.42583,0.90224,-0.068,0,-0.89702,-0.41114,0.16223,0,8.80797,3.82289,-6.69603,1
2,R_UpperArm,-0.02688,-0.94653,-0.32149,0,0.35785,0.29118,-0.88722,0,0.93339,-0.13889,0.33089,0,-9.80327,137.90176,-30.17056,1
2,Spine,0.0361,0.99685,0.07056,0,0.09142,-0.07361,0.99309,0,0.99516,-0.0294,-0.09379,0,6.28263,98.42929,-32.47184,1
2,Spine1,-0.0369,0.99777,0.05563,0,-0.01928,-0.05637,0.99822,0,0.99913,0.03576,0.02132,0,6.76646,111.78609,-31.53706,1
2,Spine2,-0.12761,0.98704,0.09734,0,-0.06884,-0.10672,0.9919,0,0.98943,0.11987,0.08156,0,6.27282,125.15568,-30.80233,1
3,Head,-0.38107,0.66976,0.63734,0,0.11113,-0.65118,0.75074,0,0.91784,0.35691,0.17371,0,3.73638,146.73554,-25.02978,1
3,L_Calf,-0.19752,-0.56455,-0.80142,0,0.25772,-0.81867,0.51318,0,-0.94582,-0.10518,0.3072,0,18.73601,50.60936,-32.43206,1
3,L_Clavicle,0.97527,0.21137,0.06457,0,0.04664,0.08875,-0.99496,0,-0.21604,0.97337,0.0767,0,10.62321,137.94879,-30.38483,1
3,L_Finger0,-0.59233,0.08762,0.80092,0,0.04021,-0.98962,0.138,0,0.80469,0.11395,0.58266,0,17.59748,100.32021,-6.30311,1
3,L_Finger01,-0.59233,0.08762,0.80092,0,0.04021,-0.98962,0.138,0,0.80469,0.11395,0.58266,0,15.18041,100.67776,-3.03488,1
3,L_Finger1,-0.5745,-0.23265,0.78474,0,-0.74793,-0.24026,-0.61878,0,0.3325,-0.94242,-0.03598,0,18.22952,99.22489,-1.14375,1
3,L_Finger2,-0.46679,-0.29539,0.83358,0,-0.80139,-0.25734,-0.53995,0,0.37401,-0.92007,-0.11661,0,19.0806,97.79348,-1.21915,1
3,L_Finger3,-0.46036,-0.36264,0.81029,0,-0.78958,-0.24994,-0.56045,0,0.40576,-0.89779,-0.17127,0,19.80328,96.41952,-1.49981,1
3,L_Finger4,-0.42161,-0.38124,0.82274,0,-0.80363,-0.2632,-0.53377,0,0.42004,-0.88622,-0.19541,0,20.1771,95.04431,-1.72052,1
3,L_Finger11,-0.5745,-0.23265,0.78474,0,-0.74793,-0.24026,-0.61878,0,0.3325,-0.94242,-0.03598,0,16.18443,98.39671,1.64976,1
3,L_Finger21,-0.46679,-0.29539,0.83358,0,-0.80139,-0.25734,-0.53995,0,0.37401,-0.92007,-0.11661,0,17.29711,96.66485,1.96577,1
3,L_Finger31,-0.46036,-0.36264,0.81029,0,-0.78958,-0.24994,-0.56045,0,0.40576,-0.89779,-0.17127,0,18.08886,95.06903,1.51777,1
3,L_Finger41,-0.42161,-0.38124,0.82274,0,-0.80363,-0.2632,-0.53377,0,0.42004,-0.88622,-0.19541,0,18.71029,93.71792,1.14189,1
3,L_Foot,-0.52783,-0.4788,-0.70154,0,0.35835,-0.87439,0.32715,0,-0.77005,-0.07872,0.6331,0,9.51869,24.26429,-69.83103,1
3,L_Forearm,-0.15786,-0.66849,0.72677,0,0.35786,-0.7247,-0.58886,0,0.92034,0.16713,0.35362,0,24.38112,115.27797,-26.62664,1
3,L_Hand,-0.21072,-0.20675,0.95543,0,-0.90287,-0.3335,-0.27129,0,0.37473,-0.9198,-0.11639,0,20.43661,98.57357,-8.46599,1
3,L_Thigh,0.10777,-0.99414,-0.00856,0,0.3063,0.02501,0.95161,0,-0.94582,-0.10518,0.3072,0,14.83985,86.55012,-32.12246,1
3,L_Toe0,0.41978,-0.65082,0.63263,0,0.38548,0.75887,0.5249,0,-0.8217,0.02352,0.56944,0,10.281,11.4767,-70.49373,1
3,L_UpperArm,0.13211,-0.98381,0.12112,0,0.36814,-0.06475,-0.92751,0,0.92034,0.16713,0.35362,0,21.03372,140.20511,-29.69554,1
3,Neck,-0.29102,0.82987,0.47606,0,0.04031,-0.48651,0.87274,0,0.95587,0.27317,0.10813,0,6.64155,138.45109,-29.78217,1
3,Pelvis,0.09049,0.99391,0.06294,0,0.12116,-0.07372,0.98989,0,0.9885,-0.08195,-0.12709,0,6.41763,87.24836,-31.03956,1
3,R_Calf,0.0658,-0.98692,-0.14719,0,0.12762,-0.13797,0.98218,0,-0.98964,-0.08341,0.11687,0,2.38821,54.67954,-16.5024,1
3,R_Clavicle,-0.98886,0.12532,0.08029,0,-0.07047,0.08087,-0.99423,0,-0.13109,-0.98881,-0.07114,0,2.81112,137.45043,-30.67128,1
3,R_Finger0,-0.30704,-0.94926,0.06812,0,-0.36048,0.04975,-0.93144,0,0.88079,-0.31054,-0.35746,0,-13.97383,86.18826,-35.22816,1
3,R_Finger01,-0.30704,-0.94926,0.06812,0,-0.36048,0.04975,-0.93144,0,0.88079,-0.31054,-0.35746,0,-15.22672,82.31472,-34.95018,1
3,R_Finger1,-0.3771,-0.89441,-0.24048,0,0.85029,-0.23139,-0.47273,0,0.36717,-0.38274,0.84776,0,-18.74051,83.85553,-35.46343,1
3,R_Finger2,-0.48931,-0.82858,-0.27208,0,0.81156,-0.31839,-0.4899,0,0.31929,-0.46053,0.82823,0,-19.46875,84.73049,-36.68123,1
3,R_Finger3,-0.48938,-0.80349,-0.33898,0,0.82344,-0.29775,-0.48301,0,0.28716,-0.51551,0.80734,0,-19.94827,85.61285,-37.89792,1
3,R_Finger4,-0.5247,-0.77726,-0.3472,0,0.80642,-0.32318,-0.49522,0,0.27271,-0.53983,0.79637,0,-20.2877,86.17698,-39.18095,1
3,R_Finger11,-0.3771,-0.89441,-0.24048,0,0.85029,-0.23139,-0.47273,0,0.36717,-0.38274,0.84776,0,-20.0829,80.67165,-36.31949,1
3,R_Finger21,-0.48931,-0.82858,-0.27208,0,0.81156,-0.31839,-0.4899,0,0.31929,-0.46053,0.82823,0,-21.33829,81.56467,-37.7208,1
3,R_Finger31,-0.48938,-0.80349,-0.33898,0,0.82344,-0.29775,-0.48301,0,0.28716,-0.51551,0.80734,0,-21.77077,82.62058,-39.16034,1
3,R_Finger41,-0.5247,-0.77726,-0.3472,0,0.80642,-0.32318,-0.49522,0,0.27271,-0.53983,0.79637,0,-22.11321,83.4728,-40.38891,1
3,R_Foot,0.4261,-0.90059,-0.08592,0,0.13793,-0.0292,0.99001,0,-0.8941,-0.43369,0.11177,0,5.45897,8.6242,-23.37102,1
3,R_Forearm,-0.17184,-0.9851,0.0071,0,0.27372,-0.05467,-0.96025,0,0.94633,-0.16307,0.27904,0,-9.86827,114.52318,-36.79188,1
3,R_Hand,-0.70616,-0.69846,-0.11613,0,0.63171,-0.54742,-0.54888,0,0.3198,-0.46096,0.8278,0,-14.16226,89.90743,-36.61443,1
3,R_Thigh,0.12151,-0.92018,0.37215,0,0.0765,0.3825,0.92078,0,-0.98964,-0.08341,0.11687,0,-2.00461,87.94661,-29.95677,1
3,R_Toe0,0.11694,0.16449,0.97942,0,-0.44954,0.88814,-0.09549,0,-0.88557,-0.42912,0.1778,0,9.64443,2.72578,-12.777,1
3,R_UpperArm,-0.08382,-0.95767,-0.27539,0,0.31213,0.23722,-0.91995,0,0.94633,-0.16307,0.27904,0,-7.74448,138.78814,-29.81425,1
3,Spine,0.09058,0.99385,0.06373,0,0.11506,-0.07401,0.9906,0,0.98922,-0.0824,-0.12105,0,6.24273,98.43116,-32.458,1
3,Spine1,0.00577,0.99864,0.05172,0,0.01641,-0.05181,0.99852,0,0.99985,-0.00492,-0.01668,0,7.45622,111.74762,-31.61482,1
3,Spine2,-0.06658,0.99404,0.08637,0,-0.03086,-0.08857,0.99559,0,0.9973,0.06362,0.03657,0,7.5339,125.12876,-30.93244,1
4,Head,-0.39725,0.6809,0.61528,0,0.12079,-0.62583,0.77055,0,0.90973,0.38042,0.16637,0,3.06414,146.79806,-25.43681,1
4,L_Calf,-0.19535,-0.57922,-0.79142,0,0.20465,-0.81328,0.5447,0,-0.95914,-0.05555,0.27741,0,18.73419,51.2686,-25.73808,1
4,L_Clavicle,0.97239,0.23189,0.02622,0,0.00958,0.0726,-0.99732,0,-0.23317,0.97003,0.06837,0,10.12612,138.03102,-30.71299,1
4,L_Finger0,-0.53558,-0.19168,0.82244,0,0.10151,-0.98145,-0.16264,0,0.83836,-0.00362,0.5451,0,18.392,96.35719,-11.08176,1
4,L_Finger01,-0.53558,-0.19168,0.82244,0,0.10151,-0.98145,-0.16264,0,0.83836,-0.00362,0.5451,0,16.20651,95.57501,-7.72569,1
4,L_Finger1,-0.5024,-0.49126,0.71151,0,-0.77793,-0.10234,-0.61996,0,0.37738,-0.86498,-0.33075,0,19.45765,93.85544,-6.51844,1
4,L_Finger2,-0.38828,-0.55767,0.73365,0,-0.8245,-0.14538,-0.54687,0,0.41163,-0.81723,-0.40335,0,20.37395,92.57232,-7.05967,1
4,L_Finger3,-0.3801,-0.61459,0.69123,0,-0.81462,-0.13151,-0.56489,0,0.43808,-0.77781,-0.45067,0,21.14433,91.39461,-7.77266,1
4,L_Finger4,-0.33963,-0.63321,0.69549,0,-0.82596,-0.15293,-0.54258,0,0.44993,-0.75872,-0.47106,0,21.57173,90.17345,-8.40961,1
4,L_Finger11,-0.5024,-0.49126,0.71151,0,-0.77793,-0.10234,-0.61996,0,0.37738,-0.86498,-0.33075,0,17.66921,92.10665,-3.98562,1
4,L_Finger21,-0.38828,-0.55767,0.73365,0,-0.8245,-0.14538,-0.54687,0,0.41163,-0.81723,-0.40335,0,18.89042,90.44158,-4.25656,1
4,L_Finger31,-0.3801,-0.61459,0.69123,0,-0.81462,-0.13151,-0.56489,0,0.43808,-0.77781,-0.45067,0,19.72878,89.10584,-5.19844,1
4,L_Finger41,-0.33963,-0.63321,0.69549,0,-0.82596,-0.15293,-0.54258,0,0.44993,-0.75872,-0.47106,0,20.39012,87.97046,-5.98993,1
4,L_Foot,-0.49965,-0.56384,-0.6576,0,0.40941,-0.82272,0.39435,0,-0.76337,-0.07219,0.64192,0,9.61795,24.23874,-62.67022,1
4,L_Forearm,-0.09961,-0.79635,0.59658,0,0.35495,-0.58855,-0.72637,0,0.92956,0.1394,0.34129,0,23.64022,115.42167,-28.72399,1
4,L_Hand,-0.12889,-0.49034,0.86195,0,-0.90186,-0.30347,-0.30749,0,0.41235,-0.81699,-0.40311,0,21.15116,95.52241,-13.81666,1
4,L_Thigh,0.10731,-0.9787,0.17502,0,0.26178,0.19764,0.94467,0,-0.95914,-0.05555,0.27741,0,14.85473,86.65117,-32.06562,1
4,L_Toe0,0.43289,-0.75062,0.49917,0,0.44834,0.65968,0.60317,0,-0.78204,-0.03731,0.62211,0,11.12837,11.50576,-62.30601,1
4,L_UpperArm,0.1237,-0.99002,0.06745,0,0.34729,-0.02048,-0.93753,0,0.92956,0.1394,0.34129,0,20.50587,140.50635,-30.4331,1
4,Neck,-0.31002,0.83493,0.45474,0,0.05858,-0.46062,0.88566,0,0.94892,0.30121,0.09389,0,6.15905,138.46311,-29.97638,1
4,Pelvis,0.07838,0.99477,0.06555,0,0.1152,-0.07435,0.99056,0,0.99024,-0.07009,-0.12043,0,6.41763,87.24836,-31.03956,1
4,R_Calf,0.0662,-0.98084,-0.18322,0,0.13198,-0.17341,0.97597,0,-0.98904,-0.08879,0.11797,0,2.26612,53.3612,-20.03963,1
4,R_Clavicle,-0.98778,0.10674,0.11359,0,-0.10737,0.06234,-0.99226,0,-0.113,-0.99233,-0.05012,0,2.32097,137.37031,-30.71092,1
4,R_Finger0,-0.145,-0.96755,0.20692,0,-0.52639,-0.10164,-0.84414,0,0.83779,-0.23132,-0.49458,0,-12.2769,85.72773,-31.30961,1
4,R_Finger01,-0.145,-0.96755,0.20692,0,-0.52639,-0.10164,-0.84414,0,0.83779,-0.23132,-0.49458,0,-12.86858,81.77952,-30.46525,1
4,R_Finger1,-0.27711,-0.95701,-0.08564,0,0.7755,-0.17015,-0.60798,0,0.56728,-0.23489,0.78932,0,-16.60665,82.78371,-30.41281,1
4,R_Finger2,-0.40171,-0.91027,-0.10024,0,0.74768,-0.26281,-0.60984,0,0.52877,-0.31992,0.78616,0,-17.6651,83.41538,-31.53512,1
4,R_Finger3,-0.41762,-0.89301,-0.16772,0,0.75741,-0.24017,-0.60716,0,0.50192,-0.3806,0.77667,0,-18.48267,84.08678,-32.70544,1
4,R_Finger4,-0.45734,-0.87268,-0.17109,0,0.74244,-0.26878,-0.61363,0,0.48951,-0.40766,0.77084,0,-19.12873,84.45546,-33.94087,1
4,R_Finger11,-0.27711,-0.95701,-0.08564,0,0.7755,-0.17015,-0.60798,0,0.56728,-0.23489,0.78932,0,-17.59309,79.37696,-30.71766,1
4,R_Finger21,-0.40171,-0.91027,-0.10024,0,0.74768,-0.26281,-0.60984,0,0.52877,-0.31992,0.78616,0,-19.19994,79.93745,-31.9181,1
4,R_Finger31,-0.41762,-0.89301,-0.16772,0,0.75741,-0.24017,-0.60716,0,0.50192,-0.3806,0.77667,0,-20.03791,80.76113,-33.33005,1
4,R_Finger41,-0.45734,-0.87268,-0.17109,0,0.74244,-0.26878,-0.61363,0,0.48951,-0.40766,0.77084,0,-20.71987,81.41933,-34.53612,1
4,R_Foot,0.43566,-0.89567,-0.08937,0,0.13953,-0.03089,0.98974,0,-0.88923,-0.44365,0.11151,0,5.35554,7.58948,-28.58994,1
4,R_Forearm,-0.12874,-0.98755,0.0904,0,0.15818,-0.11044,-0.98121,0,0.97898,-0.11202,0.17043,0,-10.04719,113.89003,-35.20185,1
4,R_Hand,-0.60366,-0.79287,0.08337,0,0.59623,-0.5184,-0.613,0,0.52925,-0.32033,0.78568,0,-13.26405,89.213,-32.943,1
4,R_Thigh,0.11854,-0.95385,0.27588,0,0.08803,0.28684,0.95392,0,-0.98904,-0.08879,0.11797,0,-2.01947,87.84555,-30.01348,1
4,R_Toe0,0.12515,0.09456,0.98762,0,-0.45139,0.89188,-0.02819,0,-0.88351,-0.44228,0.1543,0,9.61813,1.70247,-18.02035,1
4,R_UpperArm,-0.07199,-0.97167,-0.2251,0,0.19082,0.2081,-0.95931,0,0.97898,-0.11202,0.17043,0,-8.22304,138.50973,-29.4984,1
4,Spine,0.07847,0.99471,0.06634,0,0.11007,-0.07479,0.99111,0,0.99082,-0.07047,-0.11536,0,6.27254,98.43245,-32.45425,1
4,Spine1,-0.00276,0.99883,0.04837,0,0.03971,-0.04822,0.99805,0,0.99921,0.00468,-0.03953,0,7.3235,111.76039,-31.576,1
4,Spine2,-0.08411,0.99383,0.07234,0,0.00636,-0.07206,0.99738,0,0.99644,0.08435,-0.00026,0,7.28645,125.14377,-30.93853,1
5,Head,-0.39809,0.67658,0.61949,0,0.12007,-0.63106,0.76638,0,0.90945,0.37948,0.16998,0,3.30445,146.78179,-25.26916,1
5,L_Calf,-0.1831,-0.65268,-0.73517,0,0.1814,-0.75741,0.62724,0,-0.96621,-0.01851,0.25708,0,18.64392,52.63582,-20.1173,1
5,L_Clavicle,0.97353,0.22802,0.01552,0,-0.00085,0.07154,-0.99744,0,-0.22854,0.97103,0.06984,0,10.35178,138.01763,-30.62587,1
5,L_Finger0,-0.40016,-0.54286,0.73836,0,0.13349,-0.83161,-0.53908,0,0.90667,-0.11715,0.40524,0,20.01576,92.16211,-16.44104,1
5,L_Finger01,-0.40016,-0.54286,0.73836,0,0.13349,-0.83161,-0.53908,0,0.90667,-0.11715,0.40524,0,18.38286,89.94691,-13.42809,1
5,L_Finger1,-0.36604,-0.77348,0.51744,0,-0.8516,0.05422,-0.52138,0,0.37522,-0.6315,-0.67854,0,21.8671,88.26242,-13.34538,1
5,L_Finger2,-0.24629,-0.83058,0.49947,0,-0.88465,-0.01786,-0.46592,0,0.3959,-0.55661,-0.73038,0,22.76867,87.38316,-14.43762,1
5,L_Finger3,-0.24102,-0.86619,0.43775,0,-0.87827,0.00273,-0.47815,0,0.41298,-0.49971,-0.76141,0,23.49536,86.6496,-15.63037,1
5,L_Finger4,-0.19935,-0.88055,0.42999,0,-0.88505,-0.02658,-0.46475,0,0.42066,-0.4732,-0.77403,0,23.8966,85.81042,-16.73237,1
5,L_Finger11,-0.36604,-0.77348,0.51744,0,-0.8516,0.05422,-0.52138,0,0.37522,-0.6315,-0.67854,0,20.56409,85.509,-11.50341,1
5,L_Finger21,-0.24629,-0.83058,0.49947,0,-0.88465,-0.01786,-0.46592,0,0.3959,-0.55661,-0.73038,0,21.82765,84.20969,-12.52924,1
5,L_Finger31,-0.24102,-0.86619,0.43775,0,-0.87827,0.00273,-0.47815,0,0.41298,-0.49971,-0.76141,0,22.59779,83.42382,-14.00014,1
5,L_Finger41,-0.19935,-0.88055,0.42999,0,-0.88505,-0.02658,-0.46475,0,0.42066,-0.4732,-0.77403,0,23.20305,82.74689,-15.2364,1
5,L_Foot,-0.46189,-0.68277,-0.56611,0,0.47079,-0.72967,0.49592,0,-0.75167,-0.03747,0.65847,0,10.09927,22.17789,-54.42483,1
5,L_Forearm,-0.02801,-0.90067,0.43359,0,0.26457,-0.42497,-0.86568,0,0.96396,0.09047,0.2502,0,23.09766,115.22377,-30.4074,1
5,L_Hand,0.02451,-0.78868,0.61432,0,-0.91765,-0.26155,-0.29918,0,0.39663,-0.5564,-0.73014,0,22.39764,92.71765,-19.57275,1
5,L_Thigh,0.1041,-0.94048,0.32351,0,0.23579,0.33934,0.91063,0,-0.96621,-0.01851,0.25708,0,14.88059,86.63672,-31.81306,1
5,L_Toe0,0.48084,-0.68928,0.54192,0,0.43405,0.72414,0.53593,0,-0.76184,-0.02247,0.64738,0,12.53307,9.75497,-52.3534,1
5,L_UpperArm,0.0929,-0.99567,0.00208,0,0.24931,0.02124,-0.96819,0,0.96396,0.09047,0.2502,0,20.74375,140.45158,-30.46016,1
5,Neck,-0.30955,0.833,0.45858,0,0.06085,-0.46392,0.88378,0,0.94893,0.30148,0.09292,0,6.39465,138.46609,-29.84709,1
5,Pelvis,0.07837,0.99438,0.07117,0,0.08517,-0.0778,0.99332,0,0.99328,-0.07179,-0.09078,0,6.41763,87.24836,-31.03956,1
5,R_Calf,0.07441,-0.97248,-0.22079,0,0.13734,-0.2093,0.96816,0,-0.98773,-0.10236,0.11798,0,2.4041,52.60646,-23.60234,1
5,R_Clavicle,-0.98607,0.11076,0.12409,0,-0.11779,0.06173,-0.99112,0,-0.11743,-0.99193,-0.04783,0,2.54463,137.38759,-30.53914,1
5,R_Finger0,-0.12363,-0.94558,0.30099,0,-0.69486,-0.13405,-0.70654,0,0.70844,-0.2965,-0.64047,0,-11.74571,86.01035,-27.48994,1
5,R_Finger01,-0.12363,-0.94558,0.30099,0,-0.69486,-0.13405,-0.70654,0,0.70844,-0.2965,-0.64047,0,-12.25018,82.15182,-26.26171,1
5,R_Finger1,-0.31407,-0.94845,0.04238,0,0.62531,-0.24024,-0.74248,0,0.71439,-0.20669,0.66853,0,-15.86556,83.30871,-25.50346,1
5,R_Finger2,-0.43767,-0.8977,0.05077,0,0.59529,-0.33162,-0.73189,0,0.67386,-0.29011,0.67953,0,-17.11961,83.90967,-26.42276,1
5,R_Finger3,-0.46697,-0.88418,-0.01298,0,0.60595,-0.30927,-0.73293,0,0.64402,-0.35012,0.68019,0,-18.14731,84.53736,-27.44191,1
5,R_Finger4,-0.50597,-0.8625,-0.00944,0,0.58921,-0.33761,-0.73407,0,0.62995,-0.37698,0.67901,0,-19.02912,84.85205,-28.53873,1
5,R_Finger11,-0.31407,-0.94845,0.04238,0,0.62531,-0.24024,-0.74248,0,0.71439,-0.20669,0.66853,0,-16.98356,79.93242,-25.35258,1
5,R_Finger21,-0.43767,-0.8977,0.05077,0,0.59529,-0.33162,-0.73189,0,0.67386,-0.29011,0.67953,0,-18.79184,80.47974,-26.2288,1
5,R_Finger31,-0.46697,-0.88418,-0.01298,0,0.60595,-0.30927,-0.73293,0,0.64402,-0.35012,0.68019,0,-19.88636,81.2446,-27.49025,1
5,R_Finger41,-0.50597,-0.8625,-0.00944,0,0.58921,-0.33761,-0.73407,0,0.62995,-0.37698,0.67901,0,-20.78943,81.85132,-28.57158,1
5,R_Foot,0.44377,-0.8911,-0.09494,0,0.13289,-0.03933,0.99035,0,-0.88623,-0.4521,0.10096,0,5.87644,7.22488,-33.90569,1
5,R_Forearm,-0.10191,-0.97572,0.19389,0,-0.0043,-0.19447,-0.9809,0,0.99478,-0.10079,0.01562,0,-10.41599,113.80226,-33.97102,1
5,R_Hand,-0.59326,-0.76064,0.26357,0,0.43988,-0.58051,-0.68521,0,0.67421,-0.29057,0.67898,0,-12.96246,89.42098,-29.12599,1
5,R_Thigh,0.12307,-0.97513,0.18432,0,0.09618,0.19658,0.97576,0,-0.98773,-0.10236,0.11798,0,-2.04533,87.86,-30.26607,1
5,R_Toe0,0.11247,0.12341,0.98596,0,-0.46273,0.8846,-0.05794,0,-0.87933,-0.44972,0.1566,0,10.11456,1.27126,-23.36361,1
5,R_UpperArm,-0.0961,-0.97751,-0.18773,0,0.03419,0.18525,-0.9821,0,0.99478,-0.10079,0.01562,0,-7.98115,138.56986,-29.21453,1
5,Spine,0.07843,0.99432,0.07196,0,0.0803,-0.07825,0.99369,0,0.99368,-0.07216,-0.08598,0,6.41049,98.43668,-32.42737,1
5,Spine1,-0.0001,0.99872,0.05057,0,0.03689,-0.05053,0.99804,0,0.99932,0.00197,-0.03684,0,7.461,111.75945,-31.4739,1
5,Spine2,-0.07943,0.99422,0.07217,0,0.01681,-0.07105,0.99733,0,0.9967,0.08044,-0.01107,0,7.45943,125.14143,-30.807,1
6,Head,-0.37964,0.67827,0.62914,0,0.10131,-0.64548,0.75702,0,0.91957,0.35113,0.17634,0,4.21035,146.84592,-24.99737,1
6,L_Calf,-0.17915,-0.7614,-0.62304,0,0.18767,-0.64811,0.73806,0,-0.96576,0.0153,0.259,0,18.6609,54.37879,-15.57019,1
6,L_Clavicle,0.97951,0.2013,0.00528,0,-0.00879,0.06895,-0.99758,0,-0.20118,0.9771,0.06931,0,11.01801,137.92839,-30.45562,1
6,L_Finger0,-0.28348,-0.86209,0.42006,0,0.06729,-0.45483,-0.88804,0,0.95661,-0.22348,0.18694,0,21.96987,88.49785,-23.13353,1
6,L_Finger01,-0.28348,-0.86209,0.42006,0,0.06729,-0.45483,-0.88804,0,0.95661,-0.22348,0.18694,0,20.81309,84.98002,-21.41945,1
6,L_Finger1,-0.27784,-0.95403,0.11237,0,-0.91772,0.22903,-0.32456,0,0.2839,-0.1933,-0.93917,0,24.2972,83.75503,-22.57906,1
6,L_Finger2,-0.16106,-0.98542,0.05491,0,-0.94153,0.13673,-0.30794,0,0.29594,-0.1013,-0.94982,0,25.04678,83.58791,-24.05863,1
6,L_Finger3,-0.16411,-0.9863,-0.01647,0,-0.93725,0.16111,-0.30921,0,0.30763,-0.03531,-0.95085,0,25.60692,83.58205,-25.53343,1
6,L_Finger4,-0.12376,-0.99169,-0.03508,0,-0.94163,0.12852,-0.31114,0,0.31307,-0.00548,-0.94972,0,25.85934,83.41377,-26.94325,1
6,L_Finger11,-0.27784,-0.95403,0.11237,0,-0.91772,0.22903,-0.32456,0,0.2839,-0.1933,-0.93917,0,23.30816,80.35888,-22.17903,1
6,L_Finger21,-0.16106,-0.98542,0.05491,0,-0.94153,0.13673,-0.30794,0,0.29594,-0.1013,-0.94982,0,24.4314,79.82285,-23.84882,1
6,L_Finger31,-0.16411,-0.9863,-0.01647,0,-0.93725,0.16111,-0.30921,0,0.30763,-0.03531,-0.95085,0,24.99576,79.90895,-25.59476,1
6,L_Finger41,-0.12376,-0.99169,-0.03508,0,-0.94163,0.12852,-0.31114,0,0.31307,-0.00548,-0.94972,0,25.42875,79.96356,-27.06529,1
6,L_Foot,-0.4199,-0.80807,-0.41317,0,0.58914,-0.58899,0.55318,0,-0.69036,-0.01113,0.72338,0,10.3007,18.84754,-44.64494,1
6,L_Forearm,0.03553,-0.96688,0.25274,0,0.08136,-0.24926,-0.96501,0,0.99605,0.05485,0.06981,0,22.9868,114.84666,-32.16439,1
6,L_Hand,0.12269,-0.98209,0.14297,0,-0.94706,-0.15892,-0.27897,0,0.2967,-0.10117,-0.9496,0,23.87453,90.68614,-25.84889,1
6,L_Thigh,0.10395,-0.89183,0.44026,0,0.23772,0.4521,0.8597,0,-0.96576,0.0153,0.259,0,14.90295,86.62097,-31.48666,1
6,L_Toe0,0.60644,-0.47065,0.64087,0,0.33818,0.88214,0.32782,0,-0.71963,0.01792,0.69413,0,14.32408,7.23064,-40.98396,1
6,L_UpperArm,0.05971,-0.99578,-0.06967,0,0.06569,0.07356,-0.99513,0,0.99605,0.05485,0.06981,0,21.47383,140.07722,-30.39924,1
6,Neck,-0.28772,0.83726,0.46498,0,0.04894,-0.47203,0.88023,0,0.95646,0.27602,0.09484,0,7.08264,138.48765,-29.63923,1
6,Pelvis,0.07771,0.99373,0.08037,0,0.04623,-0.08411,0.99538,0,0.9959,-0.07363,-0.05248,0,6.41763,87.24836,-31.03956,1
6,R_Calf,0.08102,-0.96002,-0.26793,0,0.13049,-0.25629,0.95775,0,-0.98813,-0.11256,0.10451,0,2.44795,52.2705,-26.24605,1
6,R_Clavicle,-0.98138,0.13814,0.13346,0,-0.12586,0.0624,-0.99008,0,-0.1451,-0.98845,-0.04385,0,3.19765,137.51367,-30.29039,1
6,R_Finger0,-0.02557,-0.86561,0.50006,0,-0.82612,-0.26338,-0.49815,0,0.56292,-0.42585,-0.70836,0,-10.85194,87.38204,-23.03031,1
6,R_Finger01,-0.02557,-0.86561,0.50006,0,-0.82612,-0.26338,-0.49815,0,0.56292,-0.42585,-0.70836,0,-10.95626,83.84982,-20.98976,1
6,R_Finger1,-0.26706,-0.91749,0.29477,0,0.458,-0.38997,-0.79885,0,0.84789,-0.07833,0.52436,0,-14.35846,85.17615,-19.70516,1
6,R_Finger2,-0.38751,-0.86465,0.31972,0,0.43391,-0.47708,-0.76428,0,0.81336,-0.15744,0.56005,0,-15.79969,85.59747,-20.42922,1
6,R_Finger3,-0.43028,-0.86369,0.26249,0,0.44338,-0.4555,-0.77197,0,0.78631,-0.21578,0.57893,0,-17.04238,86.02256,-21.30321,1
6,R_Finger4,-0.46827,-0.84129,0.27011,0,0.42769,-0.48331,-0.76387,0,0.77318,-0.24217,0.58613,0,-18.1494,86.12377,-22.22185,1
6,R_Finger11,-0.26706,-0.91749,0.29477,0,0.458,-0.38997,-0.79885,0,0.84789,-0.07833,0.52436,0,-15.30913,81.9101,-18.65584,1
6,R_Finger21,-0.38751,-0.86465,0.31972,0,0.43391,-0.47708,-0.76428,0,0.81336,-0.15744,0.56005,0,-17.28028,82.29386,-19.20762,1
6,R_Finger31,-0.43028,-0.86369,0.26249,0,0.44338,-0.4555,-0.77197,0,0.78631,-0.21578,0.57893,0,-18.64477,82.8061,-20.32567,1
6,R_Finger41,-0.46827,-0.84129,0.27011,0,0.42769,-0.48331,-0.76387,0,0.77318,-0.24217,0.58613,0,-19.77855,83.19683,-21.28211,1
6,R_Foot,0.45558,-0.88436,-0.10173,0,0.12082,-0.05179,0.99132,0,-0.88196,-0.46392,0.08326,0,6.22902,7.47014,-38.74939,1
6,R_Forearm,-0.06697,-0.95081,0.30243,0,-0.18069,-0.28654,-0.94087,0,0.98126,-0.11766,-0.15261,0,-10.82751,114.17353,-32.55584,1
6,R_Hand,-0.4979,-0.68631,0.53017,0,0.30025,-0.70994,-0.63705,0,0.8136,-0.158,0.55954,0,-12.50106,90.41448,-24.99862,1
6,R_Thigh,0.1249,-0.98486,0.12022,0,0.08939,0.13185,0.98723,0,-0.98813,-0.11256,0.10451,0,-2.06769,87.87574,-30.59243,1
6,R_Toe0,0.10456,0.06887,0.99213,0,-0.46842,0.88342,-0.01196,0,-0.8773,-0.46349,0.12463,0,10.40464,1.4182,-28.23839,1
6,R_UpperArm,-0.14009,-0.97937,-0.14564,0,-0.13233,0.16429,-0.9775,0,0.98126,-0.11766,-0.15261,0,-7.27807,138.98825,-28.86573,1
6,Spine,0.07774,0.99366,0.08116,0,0.04174,-0.08458,0.99554,0,0.9961,-0.07401,-0.04805,0,6.59203,98.44338,-32.3617,1
6,Spine1,0.0103,0.99849,0.05404,0,0.0299,-0.05432,0.99808,0,0.9995,-0.00866,-0.03042,0,7.63332,111.75742,-31.28497,1
6,Spine2,-0.05135,0.99622,0.07011,0,0.02472,-0.06892,0.99732,0,0.99838,0.05294,-0.02109,0,7.77101,125.13622,-30.57163,1
7,Head,-0.35671,0.7027,0.61561,0,0.07692,-0.63463,0.76898,0,0.93104,0.32166,0.17233,0,5.31321,146.9782,-24.83601,1
7,L_Calf,-0.15545,-0.88142,-0.44602,0,0.19648,-0.47008,0.86048,0,-0.96811,0.04612,0.24625,0,18.2822,55.96147,-12.28821,1
7,L_Clavicle,0.98471,0.17414,0.00408,0,-0.00865,0.0723,-0.99735,0,-0.17398,0.98206,0.07271,0,11.83791,137.8109,-30.19648,1
7,L_Finger0,0.18467,-0.88524,0.42691,0,-0.37156,-0.46503,-0.80355,0,0.90986,-0.01023,-0.41479,0,25.86074,87.37851,-29.00698,1
7,L_Finger01,0.18467,-0.88524,0.42691,0,-0.37156,-0.46503,-0.80355,0,0.90986,-0.01023,-0.41479,0,26.61432,83.76621,-27.26493,1
7,L_Finger1,0.02922,-0.98594,0.16452,0,-0.95958,0.01842,0.28084,0,-0.27992,-0.16608,-0.94555,0,28.94461,83.25524,-30.31336,1
7,L_Finger2,0.09471,-0.99434,0.04806,0,-0.951,-0.0761,0.29968,0,-0.29433,-0.07408,-0.95283,0,28.71677,83.19128,-31.96349,1
7,L_Finger3,0.05124,-0.99865,-0.00848,0,-0.95305,-0.05143,0.2984,0,-0.29843,-0.0072,-0.9544,0,28.31024,83.24532,-33.48686,1
7,L_Finger4,0.07353,-0.99617,-0.04722,0,-0.95134,-0.08426,0.29639,0,-0.29924,0.02313,-0.9539,0,27.72866,83.07862,-34.7959,1
7,L_Finger11,0.02922,-0.98594,0.16452,0,-0.95958,0.01842,0.28084,0,-0.27993,-0.16608,-0.94555,0,29.04864,79.74551,-29.72771,1
7,L_Finger21,0.09471,-0.99434,0.04806,0,-0.951,-0.0761,0.29968,0,-0.29433,-0.07408,-0.95283,0,29.07865,79.39212,-31.77987,1
7,L_Finger31,0.05124,-0.99865,-0.00848,0,-0.95305,-0.05143,0.2984,0,-0.29843,-0.0072,-0.9544,0,28.50105,79.52626,-33.51845,1
7,L_Finger41,0.07353,-0.99617,-0.04722,0,-0.95134,-0.08426,0.29639,0,-0.29924,0.02313,-0.9539,0,27.98446,79.61283,-34.96017,1
7,L_Foot,-0.36753,-0.91642,-0.15839,0,0.39768,-0.30881,0.864,0,-0.8407,0.25456,0.47794,0,11.02819,14.82932,-33.10234,1
7,L_Forearm,0.08302,-0.99374,0.07473,0,-0.18837,-0.08929,-0.97803,0,0.97858,0.06712,-0.19461,0,23.3047,114.64136,-33.98043,1
7,L_Hand,0.36995,-0.9281,-0.04212,0,-0.88143,-0.36496,0.29982,0,-0.29363,-0.07379,-0.95307,0,25.37925,89.80965,-32.11298,1
7,L_Thigh,0.09346,-0.84546,0.5258,0,0.23245,0.53204,0.81419,0,-0.96811,0.04612,0.24625,0,14.90336,86.52713,-31.29712,1
7,L_Toe0,0.39899,-0.05146,0.91551,0,0.26827,0.96129,-0.06288,0,-0.87684,0.27069,0.39735,0,13.22391,5.69072,-24.37264,1
7,L_UpperArm,0.03771,-0.9878,-0.15106,0,-0.20237,0.14049,-0.96918,0,0.97858,0.06712,-0.19461,0,22.3492,139.66981,-30.15288,1
7,Neck,-0.26123,0.85169,0.45429,0,0.03267,-0.46256,0.88599,0,0.96472,0.24629,0.09301,0,7.92104,138.47585,-29.37108,1
7,Pelvis,0.08698,0.99244,0.0866,0,0.02268,-0.08888,0.99578,0,0.99595,-0.08465,-0.03024,0,6.41763,87.24836,-31.03956,1
7,R_Calf,0.08861,-0.94373,-0.31864,0,0.12007,-0.30744,0.94396,0,-0.9888,-0.1219,0.08607,0,2.5296,52.17324,-28.66118,1
7,R_Clavicle,-0.97695,0.16477,0.13575,0,-0.12589,0.06895,-0.98965,0,-0.17242,-0.98392,-0.04662,0,4.00942,137.61164,-30.01785,1
7,R_Finger0,0.11965,-0.77369,0.62217,0,-0.8956,-0.35456,-0.26868,0,0.42847,-0.52507,-0.73534,0,-9.93567,89.36585,-18.05961,1
7,R_Finger01,0.11965,-0.77369,0.62217,0,-0.8956,-0.35456,-0.26868,0,0.42847,-0.52507,-0.73534,0,-9.44743,86.20874,-15.52078,1
7,R_Finger1,-0.1555,-0.8622,0.48212,0,0.30574,-0.50609,-0.80647,0,0.93933,0.022,0.34231,0,-12.58121,87.66687,-13.77793,1
7,R_Finger2,-0.2709,-0.80809,0.52308,0,0.29354,-0.58686,-0.7546,0,0.91676,-0.05087,0.39619,0,-14.15847,87.94084,-14.24282,1
7,R_Finger3,-0.32436,-0.81713,0.47655,0,0.30017,-0.56666,-0.76733,0,0.89705,-0.10585,0.42907,0,-15.5721,88.1977,-14.89437,1
7,R_Finger4,-0.36109,-0.79444,0.48833,0,0.28786,-0.59305,-0.75195,0,0.88699,-0.13095,0.44284,0,-16.84583,88.13008,-15.56717,1
7,R_Finger11,-0.1555,-0.8622,0.48212,0,0.30574,-0.50609,-0.80647,0,0.93933,0.022,0.34231,0,-13.13475,84.59763,-12.06171,1
7,R_Finger21,-0.2709,-0.80809,0.52308,0,0.29354,-0.58686,-0.7546,0,0.91676,-0.05087,0.39619,0,-15.1935,84.85333,-12.24424,1
