0,Head,0.12724,0.98313,0.13141,0,0.20194,-0.15538,0.96699,0,0.9711,-0.09651,-0.2183,0,2.42362,141.08091,21.96252,1
0,L_Calf,-0.25423,-0.96709,-0.01057,0,0.91992,-0.23843,-0.31128,0,0.29852,-0.08886,0.95026,0,21.00402,52.07118,8.67094,1
0,L_Clavicle,-0.09131,0.11196,-0.98951,0,-0.97718,0.18129,0.11069,0,0.19178,0.97704,0.09285,0,-0.4167,130.99479,17.21318,1
0,L_Finger0,0.32161,0.31097,0.89435,0,0.91442,0.14316,-0.3786,0,-0.24577,0.93957,-0.23832,0,5.97085,152.88709,-21.00636,1
0,L_Finger01,0.31619,0.31789,0.89385,0,0.90726,0.17409,-0.38285,0,-0.27732,0.93201,-0.23336,0,7.28321,154.15605,-17.35685,1
0,L_Finger1,0.75008,0.23053,0.61987,0,0.13775,-0.97118,0.19449,0,0.64685,-0.0605,-0.76022,0,8.05534,157.74182,-21.55841,1
0,L_Finger2,0.82168,0.33977,0.4576,0,0.25638,-0.93741,0.23566,0,0.50903,-0.07632,-0.85736,0,8.55729,157.69921,-23.14748,1
0,L_Finger3,0.86254,0.29425,0.41163,0,0.22483,-0.95168,0.20917,0,0.45329,-0.08787,-0.88702,0,9.02871,157.43409,-24.62948,1
0,L_Finger4,0.87387,0.08321,0.47898,0,0.03233,-0.99301,0.11354,0,0.48508,-0.08374,-0.87045,0,9.73148,157.11811,-25.84845,1
0,L_Finger11,0.77344,-0.00112,0.63387,0,-0.04057,-0.99804,0.04775,0,0.63257,-0.06265,-0.77197,0,10.72544,158.56244,-19.3518,1
0,L_Finger21,0.86533,-0.1105,0.48887,0,-0.13545,-0.99066,0.01583,0,0.48255,-0.07992,-0.87222,0,11.69674,158.99739,-21.3991,1
0,L_Finger31,0.87734,-0.19596,0.43803,0,-0.21525,-0.97654,-0.00574,0,0.42888,-0.08925,-0.89894,0,12.24089,158.5299,-23.09652,1
0,L_Finger41,0.85142,-0.21253,0.47949,0,-0.22612,-0.97364,-0.03003,0,0.47324,-0.08285,-0.87703,0,12.77179,157.40762,-24.18204,1
0,L_Foot,0.03693,-0.99742,-0.06158,0,0.93683,0.056,-0.34528,0,0.34783,-0.04494,0.93648,0,9.1401,6.94128,8.17791,1
0,L_Forearm,0.4434,0.85884,-0.2565,0,-0.23323,-0.16575,-0.95819,0,-0.86545,0.48469,0.12681,0,-6.2562,129.98374,-18.1173,1
0,L_Hand,0.58716,0.79796,0.13604,0,0.70103,-0.5853,0.40741,0,0.40472,-0.14385,-0.90306,0,4.82361,151.44448,-24.52662,1
0,L_Thigh,0.57353,-0.77913,-0.25303,0,0.76285,0.62054,-0.18162,0,0.29852,-0.08886,0.95026,0,0.2693,80.23867,17.81857,1
0,L_Toe0,0.93271,0.1172,-0.34106,0,-0.09708,0.99241,0.07551,0,0.34732,-0.03732,0.937,0,19.89631,1.40134,3.91694,1
0,L_UpperArm,-0.192,-0.08707,-0.97752,0,-0.46275,-0.87034,0.16842,0,-0.86545,0.48469,0.12681,0,-1.39141,132.18994,6.65069,1
0,Neck,0.19074,0.97824,0.08162,0,0.98119,-0.18748,-0.04597,0,-0.02967,0.08885,-0.9956,0,0.51951,131.31526,21.14771,1
0,Pelvis,-0.1094,0.97721,-0.18192,0,0.98596,0.1299,0.10488,0,0.12612,-0.16789,-0.9777,0,-0.8053,81.66914,26.14882,1
0,R_Calf,-0.36601,-0.92976,0.03965,0,0.88624,-0.33525,0.31968,0,-0.28394,0.15214,0.94669,0,11.5359,50.81695,43.69101,1
0,R_Clavicle,-0.04865,-0.52937,0.847,0,-0.97716,0.20086,0.06941,0,-0.20687,-0.82427,-0.52705,0,-0.18428,130.29879,25.0118,1
0,R_Finger0,0.40422,-0.0342,0.91402,0,0.72973,-0.59043,-0.34481,0,0.55146,0.80636,-0.21371,0,20.70127,85.84344,57.63163,1
0,R_Finger01,0.39879,-0.0373,0.91628,0,0.70711,-0.6237,-0.33314,0,0.58391,0.78077,-0.22236,0,22.35072,85.70389,61.36139,1
0,R_Finger1,0.34858,-0.30193,0.88732,0,0.72966,0.68161,-0.05471,0,-0.58829,0.66651,0.45791,0,21.38702,81.73096,60.92334,1
0,R_Finger2,0.63536,-0.141,0.75924,0,0.55226,0.77018,-0.31911,0,-0.53975,0.62205,0.56721,0,21.98941,80.57883,59.87996,1
0,R_Finger3,0.85179,0.0842,0.51707,0,0.27065,0.77435,-0.57196,0,-0.44855,0.62713,0.63679,0,22.61701,79.66206,58.75992,1
0,R_Finger4,0.9405,0.28314,0.18787,0,-0.05549,0.67344,-0.73716,0,-0.33524,0.68287,0.64907,0,23.46227,78.92834,57.85063,1
0,R_Finger11,0.62684,-0.02909,0.77861,0,0.52882,0.74977,-0.39773,0,-0.57221,0.66106,0.48537,0,22.62788,80.65615,64.08199,1
0,R_Finger21,0.79869,0.11761,0.59014,0,0.29832,0.77432,-0.55806,0,-0.52259,0.62177,0.58336,0,24.41696,80.04008,62.78084,1
0,R_Finger31,0.90132,0.33255,0.27754,0,-0.03916,0.7007,-0.71238,0,-0.43137,0.63122,0.64458,0,25.78916,79.97564,60.68555,1
0,R_Finger41,0.65554,0.64658,-0.39013,0,-0.69031,0.30364,-0.65671,0,-0.30616,0.69981,0.64539,0,26.73436,79.91342,58.50427,1
0,R_Foot,0.10766,-0.99173,-0.06985,0,0.75209,0.03529,0.65811,0,-0.6502,-0.12339,0.74967,0,-5.54445,7.42867,45.54112,1
0,R_Forearm,0.58164,-0.69589,0.42122,0,-0.74845,-0.66066,-0.05798,0,0.31863,-0.28154,-0.9051,0,5.71196,101.97384,43.36464,1
0,R_Hand,0.33136,-0.55584,0.76239,0,0.80626,0.58651,0.07718,0,-0.49005,0.58911,0.6425,0,20.24595,84.58476,53.89024,1
0,R_Thigh,0.37109,-0.89295,0.25481,0,0.88412,0.42366,0.19709,0,-0.28394,0.15214,0.94669,0,-1.87988,83.09964,34.47908,1
0,R_Toe0,0.75726,-0.15614,0.63417,0,0.05438,0.9827,0.17702,0,-0.65084,-0.09957,0.75265,0,3.57327,1.6912,52.50471,1
0,R_UpperArm,0.2532,-0.89489,0.3675,0,-0.91343,-0.34627,-0.21386,0,0.31863,-0.28154,-0.9051,0,-0.7036,124.64809,34.05306,1
0,Spine,-0.10861,0.97731,-0.18184,0,0.98605,0.12912,0.10503,0,0.12613,-0.16789,-0.9777,0,-4.2319,92.17253,23.90314,1
0,Spine1,0.24654,0.9683,-0.0402,0,0.96887,-0.24723,-0.01315,0,-0.02268,-0.03571,-0.99911,0,-5.69764,105.26554,21.4657,1
0,Spine2,0.21883,0.97562,0.01644,0,0.97546,-0.21831,-0.02876,0,-0.02447,0.02233,-0.99945,0,-2.40475,118.24177,20.92721,1
1,Head,0.16176,0.96716,0.19605,0,0.16926,-0.22292,0.96003,0,0.9722,-0.12211,-0.19977,0,2.23966,140.84912,24.22544,1
1,L_Calf,-0.24438,-0.96958,-0.01362,0,0.92959,-0.23026,-0.28782,0,0.27593,-0.083,0.95759,0,21.17365,51.89478,10.3311,1
1,L_Clavicle,-0.06231,0.18561,-0.98065,0,-0.97869,0.18126,0.0965,0,0.19567,0.96576,0.17036,0,-0.60602,130.96725,19.06751,1
1,L_Finger0,0.54503,0.01218,0.83833,0,0.8384,-0.00226,-0.54505,0,-0.00475,0.99992,-0.01144,0,11.12241,155.44204,-19.63119,1
1,L_Finger01,0.54181,0.02015,0.84026,0,0.83975,0.02948,-0.54218,0,-0.0357,0.99936,-0.00095,0,13.34647,155.49175,-16.21031,1
1,L_Finger1,0.8941,-0.07555,0.44145,0,-0.10355,-0.99383,0.03964,0,0.43573,-0.08116,-0.89641,0,14.19606,159.7445,-20.14084,1
1,L_Finger2,0.95952,0.05849,0.27549,0,0.04439,-0.99738,0.05714,0,0.27811,-0.0426,-0.9596,0,14.31894,159.85927,-21.79934,1
1,L_Finger3,0.9761,0.02966,0.21527,0,0.02134,-0.99894,0.04086,0,0.21625,-0.03529,-0.9757,0,14.37979,159.74892,-23.37191,1
1,L_Finger4,0.95249,-0.17029,0.25251,0,-0.1747,-0.98461,-0.00504,0,0.24948,-0.03931,-0.96758,0,14.70243,159.49503,-24.75432,1
1,L_Finger11,0.84923,-0.32036,0.41974,0,-0.32234,-0.94415,-0.06844,0,0.41822,-0.07718,-0.90506,0,17.37886,159.47555,-18.56937,1
1,L_Finger21,0.88772,-0.39077,0.24342,0,-0.38728,-0.91973,-0.06412,0,0.24894,-0.03735,-0.9678,0,17.98506,160.08275,-20.74677,1
1,L_Finger31,0.88329,-0.43062,0.18539,0,-0.42802,-0.90204,-0.05596,0,0.19133,-0.02992,-0.98107,0,18.01489,159.85938,-22.57023,1
1,L_Finger41,0.88022,-0.4141,0.23181,0,-0.41017,-0.90953,-0.06727,0,0.23869,-0.03587,-0.97043,0,18.01626,158.90257,-23.87583,1
1,L_Foot,0.02298,-0.9979,-0.06053,0,0.93704,0.0426,-0.34661,0,0.34846,-0.04876,0.93606,0,9.76949,6.64829,9.69545,1
1,L_Forearm,0.59715,0.75464,-0.27191,0,-0.34384,-0.06544,-0.93675,0,-0.7247,0.65287,0.22039,0,-5.99921,136.03824,-16.1003,1
1,L_Hand,0.78451,0.6157,0.07387,0,0.6011,-0.78431,0.15341,0,0.15239,-0.07595,-0.9854,0,8.9225,154.89515,-22.89476,1
1,L_Thigh,0.58087,-0.77936,-0.23493,0,0.7658,0.62106,-0.16683,0,0.27593,-0.083,0.95759,0,0.17363,80.07063,18.82434,1
1,L_Toe0,0.93367,0.10517,-0.34235,0,-0.08448,0.99361,0.07486,0,0.34804,-0.04097,0.93658,0,20.44183,0.95481,5.42599,1
1,L_UpperArm,-0.1866,0.12194,-0.97484,0,-0.66332,-0.74759,0.03346,0,-0.7247,0.65287,0.22039,0,-1.27117,132.94849,8.59961,1
1,Neck,0.19312,0.97367,0.12114,0,0.98087,-0.1885,-0.04864,0,-0.02452,0.12822,-0.99144,0,0.31176,131.12913,23.01608,1
1,Pelvis,-0.11162,0.97699,-0.18175,0,0.98521,0.13272,0.10839,0,0.13002,-0.16697,-0.97735,0,-0.93418,81.49324,27.15159,1
1,R_Calf,-0.37075,-0.92843,0.02375,0,0.88676,-0.34628,0.30618,0,-0.27605,0.13458,0.95168,0,11.78939,50.63364,44.05592,1
1,R_Clavicle,-0.04702,-0.53256,0.84508,0,-0.97702,0.2006,0.07206,0,-0.2079,-0.82227,-0.52976,0,-0.41391,129.9629,26.83355,1
1,R_Finger0,0.29376,-0.13316,0.94656,0,0.71181,-0.63046,-0.3096,0,0.63799,0.76471,-0.09042,0,20.9142,87.29594,63.16901,1
1,R_Finger01,0.28805,-0.13581,0.94794,0,0.68535,-0.66212,-0.30312,0,0.66882,0.73699,-0.09764,0,22.11292,86.75255,67.03154,1
1,R_Finger1,0.22184,-0.45163,0.86419,0,0.84629,0.5294,0.05943,0,-0.48434,0.71817,0.49965,0,21.01456,83.005,66.29885,1
1,R_Finger2,0.56221,-0.30829,0.76739,0,0.69315,0.68178,-0.23392,0,-0.45108,0.66342,0.59699,0,21.47358,81.82484,65.21466,1
1,R_Finger3,0.83571,-0.08308,0.54286,0,0.40993,0.75216,-0.51596,0,-0.36545,0.65372,0.66264,0,21.98939,80.87749,64.06345,1
1,R_Finger4,0.96551,0.12674,0.22743,0,0.07166,0.71041,-0.70013,0,-0.25031,0.69228,0.67683,0,22.74234,80.07471,63.13166,1
1,R_Finger11,0.36703,-0.36612,0.85513,0,0.7966,0.5984,-0.0857,0,-0.48033,0.71265,0.51128,0,21.80425,81.3973,69.37517,1
1,R_Finger21,0.69473,-0.17556,0.69752,0,0.56702,0.73033,-0.38093,0,-0.44254,0.66015,0.60693,0,23.62165,80.64694,68.14667,1
1,R_Finger31,0.92208,0.11856,0.36838,0,0.16151,0.74715,-0.64474,0,-0.35167,0.654,0.66978,0,25.10164,80.5681,66.0851,1
1,R_Finger41,0.76147,0.55597,-0.33327,0,-0.61006,0.44091,-0.65835,0,-0.21908,0.70463,0.67491,0,26.10145,80.51566,63.92293,1
1,R_Foot,0.1067,-0.98552,-0.1318,0,0.76337,-0.00374,0.64595,0,-0.63708,-0.16953,0.75192,0,-5.51214,7.30775,45.16422,1
1,R_Forearm,0.58167,-0.67059,0.4604,0,-0.79002,-0.60052,0.12343,0,0.19371,-0.43552,-0.87909,0,5.80917,103.01028,47.87277,1
1,R_Hand,0.24626,-0.62359,0.74195,0,0.87515,0.47204,0.10627,0,-0.4165,0.62315,0.66198,0,20.34397,86.25343,59.37724,1
1,R_Thigh,0.38258,-0.89294,0.23725,0,0.88172,0.42959,0.195,0,-0.27605,0.13458,0.95168,0,-2.04198,82.91586,35.47884,1
1,R_Toe0,0.76957,-0.16682,0.61639,0,0.04088,0.97616,0.21315,0,-0.63726,-0.13883,0.75804,0,3.72639,1.17013,51.60798,1
1,R_UpperArm,0.26542,-0.83938,0.47433,0,-0.94447,-0.32521,-0.047,0,0.19371,-0.43552,-0.87909,0,-0.91584,124.27807,35.85438,1
1,Spine,-0.11084,0.97709,-0.18167,0,0.9853,0.13195,0.10854,0,0.13002,-0.16697,-0.97735,0,-4.38365,91.98784,24.89981,1
1,Spine1,0.24433,0.96965,-0.00947,0,0.96946,-0.24447,-0.01932,0,-0.02104,-0.00446,-0.99977,0,-5.87917,105.07789,22.46458,1
1,Spine2,0.21909,0.97439,0.0506,0,0.97548,-0.21763,-0.03282,0,-0.02096,0.05655,-0.99818,0,-2.61587,118.07214,22.33785,1
2,Head,0.19041,0.95731,0.21749,0,0.11978,-0.24254,0.96272,0,0.97437,-0.15726,-0.16085,0,2.25701,140.58589,24.87987,1
2,L_Calf,-0.24487,-0.96949,-0.01087,0,0.9369,-0.23373,-0.25999,0,0.24952,-0.07385,0.96555,0,21.80242,51.6896,11.35781,1
2,L_Clavicle,-0.00223,0.21026,-0.97764,0,-0.98081,0.19014,0.04313,0,0.19495,0.95898,0.2058,0,-0.42667,130.78128,19.49276,1
2,L_Finger0,0.5762,-0.13619,0.80589,0,0.81052,-0.03166,-0.58486,0,0.10517,0.99018,0.09214,0,14.85388,156.82181,-19.63748,1
2,L_Finger01,0.57394,-0.12816,0.8088,0,0.81546,-0.00097,-0.57882,0,0.07497,0.99175,0.10395,0,17.20511,156.26608,-16.34898,1
2,L_Finger1,0.91159,-0.16588,0.37615,0,-0.17336,-0.98476,-0.01416,0,0.37277,-0.0523,-0.92645,0,18.19078,160.9307,-20.08512,1
2,L_Finger2,0.97628,-0.02141,0.21546,0,-0.02059,-0.99977,-0.00606,0,0.21554,0.00148,-0.97649,0,18.22026,161.14448,-21.7381,1
2,L_Finger3,0.9873,-0.04178,0.15327,0,-0.03914,-0.99903,-0.0202,0,0.15397,0.01394,-0.98798,0,18.1771,161.13275,-23.31507,1
2,L_Finger4,0.95501,-0.23472,0.18128,0,-0.2291,-0.97203,-0.05164,0,0.18833,0.00778,-0.98207,0,18.3959,160.94805,-24.72845,1
2,L_Finger11,0.8495,-0.40045,0.34348,0,-0.38989,-0.91513,-0.10264,0,0.35543,-0.04673,-0.93353,0,21.43583,160.34019,-18.7461,1
2,L_Finger21,0.87775,-0.45047,0.16321,0,-0.44108,-0.89275,-0.09194,0,0.18712,0.00871,-0.9823,0,21.9504,161.06266,-20.91489,1
2,L_Finger31,0.87572,-0.47117,0.10544,0,-0.4649,-0.8818,-0.07932,0,0.13035,0.02045,-0.99126,0,21.8539,160.97717,-22.74428,1
2,L_Finger41,0.88417,-0.44039,0.15592,0,-0.4315,-0.89774,-0.08875,0,0.17906,0.01119,-0.98377,0,21.71848,160.13143,-24.09776,1
2,L_Foot,-0.00957,-0.99862,-0.05166,0,0.93946,0.00872,-0.34255,0,0.34253,-0.05182,0.93808,0,10.37516,6.44732,10.85045,1
2,L_Forearm,0.6601,0.68684,-0.30415,0,-0.41793,-0.00064,-0.90848,0,-0.62418,0.72681,0.28663,0,-4.06903,139.47528,-15.17725,1
2,L_Hand,0.8296,0.55516,0.05964,0,0.55166,-0.83146,0.06599,0,0.08623,-0.02185,-0.99604,0,12.42569,156.6382,-22.7775,1
2,L_Thigh,0.58995,-0.7791,-0.21205,0,0.76792,0.62254,-0.15083,0,0.24952,-0.07385,0.96555,0,0.47413,79.8561,19.02383,1
2,L_Toe0,0.93766,0.07967,-0.33831,0,-0.06023,0.99589,0.06758,0,0.34231,-0.04299,0.9386,0,20.87331,0.36862,6.68137,1
2,L_UpperArm,-0.14282,0.25455,-0.95646,0,-0.76812,-0.63793,-0.05508,0,-0.62418,0.72681,0.28663,0,-0.45046,133.02565,9.05692,1
2,Neck,0.1944,0.97084,0.14027,0,0.98071,-0.19533,-0.00727,0,0.02034,0.13897,-0.99009,0,0.31632,130.89411,23.47961,1
2,Pelvis,-0.1078,0.97624,-0.188,0,0.97946,0.1367,0.14824,0,0.17042,-0.16816,-0.97092,0,-0.97786,81.28884,27.29626,1
2,R_Calf,-0.37224,-0.92807,0.01108,0,0.88135,-0.34972,0.31768,0,-0.29096,0.12802,0.94813,0,11.76479,50.62762,44.25795,1
2,R_Clavicle,-0.08769,-0.50333,0.85964,0,-0.97771,0.20875,0.02249,0,-0.19077,-0.8385,-0.51041,0,-0.58601,129.69268,27.24818,1
2,R_Finger0,0.1005,-0.05065,0.99365,0,0.74969,-0.65274,-0.1091,0,0.65412,0.75589,-0.02763,0,18.86675,91.62936,69.79962,1
2,R_Finger01,0.09494,-0.05304,0.99407,0,0.72218,-0.68362,-0.10545,0,0.68515,0.72791,-0.0266,0,19.27688,91.42269,73.8543,1
2,R_Finger1,-0.02719,-0.45089,0.89217,0,0.87503,0.42078,0.23932,0,-0.48331,0.78718,0.3831,0,18.46531,87.69687,73.34822,1
2,R_Finger2,0.3859,-0.31314,0.86777,0,0.7908,0.5967,-0.13634,0,-0.47511,0.73885,0.47789,0,18.97799,86.39293,72.44499,1
2,R_Finger3,0.74737,-0.08245,0.65927,0,0.52733,0.67724,-0.5131,0,-0.40418,0.73113,0.54963,0,19.56405,85.31127,71.45738,1
2,R_Finger4,0.93288,0.10787,0.34367,0,0.20101,0.63582,-0.7452,0,-0.2989,0.76426,0.57146,0,20.37028,84.38888,70.69659,1
2,R_Finger11,0.00932,-0.43625,0.89978,0,0.87541,0.43845,0.20351,0,-0.48329,0.78578,0.38598,0,18.36853,86.09182,76.52414,1
2,R_Finger21,0.47239,-0.25233,0.8445,0,0.74438,0.62728,-0.22896,0,-0.47196,0.73679,0.48415,0,20.45241,85.19651,75.76056,1
2,R_Finger31,0.85792,0.07371,0.50848,0,0.33063,0.67831,-0.65618,0,-0.39327,0.73107,0.55756,0,22.34734,85.00421,73.91256,1
2,R_Finger41,0.82279,0.49252,-0.28363,0,-0.50189,0.39545,-0.76924,0,-0.2667,0.77527,0.57256,0,23.61585,84.76417,71.89225,1
2,R_Foot,0.10947,-0.9801,-0.16559,0,0.76694,-0.02269,0.64132,0,-0.63231,-0.19721,0.74919,0,-5.60635,7.31849,44.77478,1
2,R_Forearm,0.55947,-0.59067,0.58146,0,-0.788,-0.59657,0.15218,0,0.25699,-0.54334,-0.79921,0,4.65277,104.96655,51.56712,1
2,R_Hand,0.14327,-0.54847,0.8238,0,0.88006,0.45139,0.14747,0,-0.45273,0.70387,0.54736,0,18.63281,90.20674,66.09679,1
2,R_Thigh,0.39263,-0.88774,0.24035,0,0.87246,0.4422,0.20803,0,-0.29096,0.12802,0.94813,0,-2.42984,82.72161,35.56869,1
2,R_Toe0,0.7753,-0.1452,0.61468,0,0.02635,0.9798,0.19822,0,-0.63104,-0.13749,0.76347,0,3.68938,1.00135,50.95751,1
2,R_UpperArm,0.2437,-0.76383,0.59764,0,-0.93518,-0.34836,-0.06388,0,0.25699,-0.54334,-0.79921,0,-1.52209,124.31996,36.42435,1
2,Spine,-0.10702,0.97634,-0.18788,0,0.97954,0.13593,0.14839,0,0.17042,-0.16816,-0.97092,0,-4.37219,91.76617,24.88584,1
2,Spine1,0.24091,0.97047,0.01207,0,0.97026,-0.24112,0.02115,0,0.02344,0.00662,-0.9997,0,-5.81653,104.84612,22.36693,1
2,Spine2,0.21817,0.97332,0.07099,0,0.97563,-0.21929,0.00823,0,0.02358,0.06747,-0.99744,0,-2.59907,117.85142,22.52848,1
3,Head,0.19586,0.95979,0.20108,0,0.06198,-0.21676,0.97425,0,0.97867,-0.17836,-0.10195,0,2.25179,140.42866,24.11067,1
3,L_Calf,-0.26318,-0.96442,-0.02505,0,0.94712,-0.25334,-0.19693,0,0.18358,-0.07556,0.9801,0,22.88038,51.42274,12.36833,1
3,L_Clavicle,0.08569,0.20448,-0.97511,0,-0.97983,0.19461,-0.0453,0,0.18051,0.95933,0.21704,0,0.00078,130.55244,18.65662,1
3,L_Finger0,0.49878,-0.04974,0.8653,0,0.86512,-0.03215,-0.50053,0,0.05271,0.99824,0.027,0,19.54378,156.86472,-21.01747,1
3,L_Finger01,0.49591,-0.04165,0.86738,0,0.86811,-0.00093,-0.49637,0,0.02148,0.99913,0.0357,0,21.57912,156.66173,-17.48653,1
3,L_Finger1,0.87395,-0.01219,0.48587,0,-0.05868,-0.99502,0.08059,0,0.48247,-0.09894,-0.87031,0,22.64457,161.15159,-21.49292,1
3,L_Finger2,0.93935,0.10167,0.32753,0,0.07158,-0.99214,0.10268,0,0.3354,-0.07301,-0.93924,0,22.86724,161.20786,-23.14403,1
3,L_Finger3,0.96026,0.0621,0.27213,0,0.04088,-0.99571,0.08296,0,0.27612,-0.06854,-0.95868,0,23.02271,161.04211,-24.70519,1
3,L_Finger4,0.93642,-0.13993,0.32178,0,-0.15579,-0.9875,0.02396,0,0.3144,-0.07257,-0.94651,0,23.42796,160.74005,-26.0558,1
3,L_Finger11,0.8515,-0.21584,0.47788,0,-0.23595,-0.97159,-0.01842,0,0.46828,-0.09707,-0.87823,0,25.75562,161.1082,-19.76333,1
3,L_Finger21,0.89911,-0.30288,0.31602,0,-0.30939,-0.95044,-0.03068,0,0.30965,-0.07019,-0.94826,0,26.4563,161.59633,-21.89261,1
3,L_Finger31,0.8984,-0.35374,0.26029,0,-0.3583,-0.93308,-0.03138,0,0.25398,-0.06507,-0.96502,0,26.59879,161.27335,-23.69175,1
3,L_Finger41,0.88987,-0.33325,0.31156,0,-0.33833,-0.94021,-0.03934,0,0.30604,-0.0704,-0.94941,0,26.68586,160.25322,-24.9363,1
3,L_Foot,-0.0121,-0.9992,-0.03805,0,0.94324,0.00123,-0.3321,0,0.33188,-0.03991,0.94248,0,10.59906,6.41712,11.19922,1
3,L_Forearm,0.69384,0.63537,-0.33895,0,-0.42651,-0.01666,-0.90433,0,-0.58023,0.77203,0.25943,0,0.20647,140.32247,-15.91657,1
3,L_Hand,0.77892,0.61924,0.09917,0,0.5904,-0.77739,0.217,0,0.21147,-0.11048,-0.97112,0,17.54432,156.19914,-24.38626,1
3,L_Thigh,0.60022,-0.78098,-0.17263,0,0.77848,0.61996,-0.09802,0,0.18358,-0.07556,0.9801,0,1.1809,79.65743,18.60932,1
3,L_Toe0,0.94156,0.07315,-0.32881,0,-0.05879,0.99684,0.05342,0,0.33168,-0.03096,0.94289,0,21.12412,0.25064,7.23178,1
3,L_UpperArm,-0.02798,0.29945,-0.9537,0,-0.81397,-0.56063,-0.15215,0,-0.58023,0.77203,0.25943,0,0.91549,132.7352,8.24781,1
3,Neck,0.18725,0.97198,0.14211,0,0.9761,-0.20035,0.08418,0,0.11029,0.12296,-0.98626,0,0.38254,130.72553,22.69197,1
3,Pelvis,-0.0994,0.97474,-0.19999,0,0.96527,0.14326,0.21846,0,0.24159,-0.17133,-0.95513,0,-0.87749,81.11719,26.74727,1
3,R_Calf,-0.3644,-0.93123,-0.00439,0,0.86897,-0.34172,0.35794,0,-0.33482,0.12662,0.93374,0,11.39563,50.76099,44.33861,1
3,R_Clavicle,-0.16927,-0.43105,0.88631,0,-0.97317,0.21529,-0.08115,0,-0.15583,-0.87627,-0.45593,0,-0.86313,129.58932,26.3821,1
3,R_Finger0,-0.12008,0.15328,0.98086,0,0.77417,-0.60405,0.18918,0,0.62148,0.78207,-0.04613,0,14.70056,99.39234,75.89805,1
3,R_Finger01,-0.12551,0.15063,0.98059,0,0.74748,-0.63554,0.1933,0,0.65232,0.75723,-0.03282,0,14.21056,100.01783,79.90055,1
3,R_Finger1,-0.34369,-0.34784,0.87229,0,0.76864,0.42944,0.4741,0,-0.53951,0.83342,0.11977,0,13.89406,96.34309,80.17237,1
3,R_Finger2,0.13043,-0.16567,0.97752,0,0.81581,0.57822,-0.01085,0,-0.56343,0.79888,0.21057,0,14.57583,94.9049,79.67666,1
3,R_Finger3,0.59797,0.09725,0.7956,0,0.61229,0.58513,-0.53172,0,-0.51724,0.80509,0.29035,0,15.3359,93.66851,79.05822,1
3,R_Finger4,0.8432,0.25575,0.47287,0,0.31659,0.47467,-0.82126,0,-0.43449,0.84219,0.31927,0,16.27476,92.65221,78.65164,1
3,R_Finger11,-0.29079,-0.3238,0.90033,0,0.78905,0.45106,0.41707,0,-0.54115,0.83168,0.12433,0,12.6706,95.10484,83.27751,1
3,R_Finger21,0.21312,-0.11373,0.97039,0,0.79901,0.59189,-0.10611,0,-0.56229,0.79796,0.21701,0,15.07416,94.27189,83.41153,1
3,R_Finger31,0.73941,0.22953,0.63292,0,0.44206,0.54354,-0.71355,0,-0.5078,0.80739,0.30043,0,17.56279,94.03067,82.02111,1
3,R_Finger41,0.83058,0.49003,-0.2646,0,-0.38504,0.16204,-0.90856,0,-0.40235,0.85651,0.32327,0,19.20834,93.54199,80.29681,1
3,R_Foot,0.11043,-0.97612,-0.18708,0,0.76926,-0.03524,0.63796,0,-0.62932,-0.21436,0.747,0,-5.6093,7.30418,44.13379,1
3,R_Forearm,0.50769,-0.44347,0.73863,0,-0.73391,-0.67167,0.10118,0,0.45125,-0.59346,-0.66647,0,2.38036,108.24155,54.17424,1
3,R_Hand,0.03528,-0.33837,0.94035,0,0.83384,0.52863,0.15894,0,-0.55088,0.77849,0.3008,0,15.06665,97.15996,72.63125,1
3,R_Thigh,0.39642,-0.88005,0.26149,0,0.85484,0.4577,0.24447,0,-0.33482,0.12662,0.93374,0,-2.93587,82.57697,34.88522,1
3,R_Toe0,0.77836,-0.13073,0.61406,0,0.01187,0.98097,0.19379,0,-0.62771,-0.14355,0.7651,0,3.71849,0.87071,50.14592,1
3,R_UpperArm,0.19932,-0.66094,0.72348,0,-0.86985,-0.45931,-0.17996,0,0.45125,-0.59346,-0.66647,0,-2.67,124.98804,35.84297,1
3,Spine,-0.09863,0.97486,-0.19982,0,0.96535,0.14248,0.21862,0,0.24159,-0.17133,-0.95513,0,-4.14712,91.5633,24.04646,1
3,Spine1,0.22959,0.97304,0.02189,0,0.96669,-0.23059,0.11111,0,0.11316,-0.00435,-0.99357,0,-5.47893,104.62326,21.36693,1
3,Spine2,0.20923,0.97482,0.07716,0,0.97131,-0.2163,0.09882,0,0.11302,0.05427,-0.99211,0,-2.41308,117.66286,21.65898,1
4,Head,0.18991,0.96685,0.17068,0,-0.00943,-0.17204,0.98504,0,0.98176,-0.18868,-0.02356,0,2.44837,140.48878,22.67937,1
4,L_Calf,-0.28815,-0.9563,-0.04966,0,0.95562,-0.28385,-0.07886,0,0.06132,-0.07018,0.99565,0,23.98782,51.11511,14.43425,1
4,L_Clavicle,0.20577,0.19756,-0.95845,0,-0.96596,0.19791,-0.16659,0,0.15677,0.96011,0.23156,0,0.76775,130.46801,17.28372,1
4,L_Finger0,0.54403,0.1823,0.81902,0,0.83788,-0.16989,-0.51875,0,0.04457,0.96845,-0.24517,0,25.91018,154.23971,-26.30084,1
4,L_Finger01,0.5412,0.19067,0.81899,0,0.84078,-0.1387,-0.52331,0,0.01381,0.97181,-0.23537,0,28.13017,154.98362,-22.95874,1
4,L_Finger1,0.88834,0.20919,0.40877,0,0.0498,-0.92884,0.36712,0,0.45648,-0.30577,-0.83554,0,28.95919,158.26482,-27.95016,1
4,L_Finger2,0.93611,0.24329,0.25397,0,0.13691,-0.91725,0.37405,0,0.32396,-0.31538,-0.89196,0,29.16283,157.87791,-29.5588,1
4,L_Finger3,0.96086,0.16321,0.22385,0,0.07668,-0.93316,0.3512,0,0.26621,-0.32029,-0.90915,0,29.30266,157.30073,-31.02036,1
4,L_Finger4,0.93898,-0.03869,0.34178,0,-0.14453,-0.94606,0.28996,0,0.31213,-0.32167,-0.89393,0,29.69606,156.65055,-32.24597,1
4,L_Finger11,0.89127,0.06573,0.44869,0,-0.08267,-0.94931,0.30329,0,0.44588,-0.30741,-0.84065,0,32.12147,159.00951,-26.49502,1
4,L_Finger21,0.9332,-0.09524,0.3465,0,-0.19553,-0.94358,0.26726,0,0.30149,-0.31716,-0.89917,0,32.7395,158.80748,-28.58843,1
4,L_Finger31,0.92415,-0.20759,0.32072,0,-0.29252,-0.92446,0.24454,0,0.24573,-0.31981,-0.91506,0,32.881,157.90853,-30.18672,1
4,L_Finger41,0.90192,-0.20543,0.37991,0,-0.30607,-0.92464,0.22663,0,0.30473,-0.32068,-0.89683,0,32.96289,156.51593,-31.05688,1
4,L_Foot,-0.01841,-0.99965,-0.0192,0,0.96523,-0.01276,-0.2611,0,0.26076,-0.02333,0.96512,0,10.54113,6.48867,12.11683,1
4,L_Forearm,0.719,0.47931,-0.50329,0,-0.56055,-0.02818,-0.82764,0,-0.41088,0.87719,0.24841,0,5.91412,140.70331,-16.76417,1
4,L_Hand,0.77327,0.62888,-0.08106,0,0.60111,-0.68635,0.40938,0,0.20181,-0.36529,-0.90876,0,23.88058,152.68039,-29.34038,1
4,L_Thigh,0.60493,-0.79083,-0.093,0,0.79391,0.608,-0.00604,0,0.06132,-0.07018,0.99565,0,2.11792,79.70565,17.79636,1
4,L_Toe0,0.96375,0.06307,-0.25924,0,-0.05728,0.99791,0.02983,0,0.26058,-0.0139,0.96535,0,21.27424,0.16229,9.06393,1
4,L_UpperArm,0.11642,0.32073,-0.93999,0,-0.90422,-0.35731,-0.23391,0,-0.41088,0.87719,0.24841,0,2.96424,132.57686,7.05275,1
4,Neck,0.17877,0.97455,0.13528,0,0.95681,-0.20424,0.20688,0,0.22924,0.09245,-0.96897,0,0.66369,130.76002,21.32892,1
4,Pelvis,-0.08896,0.97392,-0.20871,0,0.93989,0.15144,0.30605,0,0.32968,-0.16894,-0.92886,0,-0.691,81.14503,25.71041,1
4,R_Calf,-0.34227,-0.9395,-0.01377,0,0.85312,-0.31687,0.41445,0,-0.39374,0.13011,0.90997,0,10.57624,51.01817,44.22863,1
4,R_Clavicle,-0.27828,-0.32311,0.90452,0,-0.95193,0.21829,-0.21489,0,-0.12801,-0.92084,-0.36833,0,-1.02787,129.74383,24.87373,1
4,R_Finger0,-0.22822,0.48616,0.84354,0,0.72778,-0.49033,0.47949,0,0.64672,0.72334,-0.24191,0,10.34664,111.70456,80.0431,1
4,R_Finger01,-0.23369,0.48349,0.84358,0,0.69979,-0.51871,0.49116,0,0.67505,0.7051,-0.21712,0,9.41536,113.68837,83.48527,1
4,R_Finger1,-0.49025,-0.0431,0.87051,0,0.70608,0.56592,0.42566,0,-0.51098,0.82333,-0.24702,0,9.29523,110.56481,85.12382,1
4,R_Finger2,0.016,0.20004,0.97966,0,0.83321,0.53895,-0.12366,0,-0.55272,0.81824,-0.15806,0,9.96474,109.04417,85.25912,1
4,R_Finger3,0.54334,0.40732,0.73408,0,0.65736,0.33744,-0.6738,0,-0.52216,0.84866,-0.08441,0,10.72207,107.66122,85.20672,1
4,R_Finger4,0.81401,0.44493,0.37339,0,0.36102,0.11604,-0.92531,0,-0.45502,0.88802,-0.06617,0,11.6541,106.56273,85.27203,1
4,R_Finger11,-0.41404,0.00652,0.91024,0,0.75086,0.56773,0.33748,0,-0.51457,0.82319,-0.23996,0,7.55004,110.4114,88.22265,1
4,R_Finger21,0.11227,0.25235,0.9611,0,0.82609,0.51383,-0.23141,0,-0.55224,0.81994,-0.15077,0,10.02587,109.80848,89.00217,1
4,R_Finger31,0.71111,0.47143,0.5216,0,0.48142,0.21419,-0.84992,0,-0.5124,0.8555,-0.07464,0,12.74553,109.17812,87.9405,1
4,R_Finger41,0.82803,0.35355,-0.43515,0,-0.36967,-0.23928,-0.89783,0,-0.42155,0.90429,-0.06743,0,14.48613,108.11068,86.57112,1
4,R_Foot,0.10721,-0.96926,-0.22144,0,0.77019,-0.05988,0.635,0,-0.62874,-0.23863,0.7401,0,-5.39608,7.17554,43.58622,1
4,R_Forearm,0.44681,-0.21301,0.8689,0,-0.65086,-0.74375,0.15236,0,0.61379,-0.63361,-0.47096,0,-0.36664,113.69707,56.21072,1
4,R_Hand,-0.01141,0.05452,0.99845,0,0.8381,0.54514,-0.02019,0,-0.54539,0.83657,-0.05192,0,10.7983,108.37437,77.92288,1
4,R_Thigh,0.38935,-0.87314,0.29332,0,0.83269,0.46979,0.29313,0,-0.39374,0.13011,0.90997,0,-3.49992,82.58443,33.62447,1
4,R_Toe0,0.77565,-0.08851,0.62492,0,-0.04113,0.98093,0.18998,0,-0.62982,-0.17306,0.75722,0,3.92223,0.50753,49.35248,1
4,R_UpperArm,0.14333,-0.4972,0.85572,0,-0.77635,-0.59274,-0.21436,0,0.61379,-0.63361,-0.47096,0,-3.99833,126.29477,34.52904,1
4,Spine,-0.08821,0.97404,-0.20847,0,0.93996,0.15066,0.30622,0,0.32968,-0.16894,-0.92885,0,-3.78822,91.56367,22.71621,1
4,Spine1,0.22149,0.97478,0.0273,0,0.94779,-0.22178,0.22917,0,0.22944,-0.02488,-0.973,0,-4.98017,104.61265,19.91984,1
4,Spine2,0.20106,0.97645,0.07818,0,0.95205,-0.21358,0.21904,0,0.23058,0.03039,-0.97258,0,-2.02265,117.67545,20.28323,1
5,Head,0.1585,0.97984,0.12164,0,-0.08543,-0.10913,0.99035,0,0.98366,-0.16736,0.06641,0,2.63901,141.12321,20.85112,1
5,L_Calf,-0.30784,-0.9479,-0.08204,0,0.94313,-0.31539,0.1051,0,-0.1255,-0.04502,0.99107,0,24.23974,50.99156,17.59836,1
5,L_Clavicle,0.37171,0.19206,-0.90827,0,-0.92064,0.20211,-0.33403,0,0.11942,0.96035,0.25194,0,1.6672,130.94716,15.57313,1
5,L_Finger0,0.80295,0.2966,0.51701,0,0.59493,-0.45171,-0.66484,0,0.03635,0.84142,-0.53916,0,30.98455,148.58573,-34.04973,1
5,L_Finger01,0.80096,0.30501,0.5152,0,0.59862,-0.42397,-0.67964,0,0.01113,0.85277,-0.52216,0,34.26109,149.79602,-31.94002,1
5,L_Finger1,0.97349,0.22822,-0.01531,0,0.19453,-0.79085,0.58028,0,0.12032,-0.56787,-0.81428,0,33.75738,151.46072,-37.55174,1
5,L_Finger2,0.97419,0.18678,-0.12673,0,0.22566,-0.79334,0.56541,0,0.00506,-0.57941,-0.81502,0,33.4291,150.64754,-38.96945,1
5,L_Finger3,0.99081,0.07045,-0.11544,0,0.12435,-0.8102,0.57282,0,-0.05317,-0.58191,-0.81151,0,33.06682,149.70201,-40.17923,1
5,L_Finger4,0.99099,-0.10643,0.08135,0,-0.13392,-0.80145,0.58287,0,0.00316,-0.58851,-0.80848,0,33.00944,148.70277,-41.21743,1
5,L_Finger11,0.98842,0.14798,0.03355,0,0.10141,-0.8087,0.57941,0,0.11287,-0.5693,-0.81435,0,37.22278,152.27314,-37.60624,1
5,L_Finger21,0.99809,-0.05718,0.02332,0,-0.06008,-0.81212,0.58039,0,-0.01425,-0.58068,-0.81401,0,37.15128,151.36117,-39.45366,1
5,L_Finger31,0.97438,-0.21463,0.06726,0,-0.21312,-0.78544,0.58109,0,-0.07189,-0.58054,-0.81106,0,36.75669,149.96439,-40.60915,1
5,L_Finger41,0.96346,-0.21843,0.15504,0,-0.26784,-0.7792,0.56667,0,-0.00297,-0.58749,-0.80922,0,36.45719,148.33249,-40.9344,1
5,L_Foot,-0.05385,-0.99853,0.00592,0,0.99837,-0.05395,-0.01858,0,0.01887,0.00491,0.99981,0,9.87419,6.75722,13.76984,1
5,L_Forearm,0.62611,0.24722,-0.73951,0,-0.7795,0.17495,-0.60148,0,-0.01931,0.95304,0.30224,0,12.35059,140.5064,-17.3708,1
5,L_Hand,0.76819,0.44222,-0.46295,0,0.62946,-0.65371,0.42006,0,-0.11688,-0.61409,-0.78053,0,27.99584,146.68383,-35.84973,1
5,L_Thigh,0.57725,-0.81577,0.03604,0,0.80687,0.57662,0.12837,0,-0.1255,-0.04502,0.99107,0,3.37063,80.48389,16.29543,1
5,L_Toe0,0.99896,0.04118,-0.01962,0,-0.0415,0.99901,-0.0161,0,0.01894,0.0169,0.99968,0,20.76054,-0.02515,13.59767,1
5,L_UpperArm,0.26505,0.29636,-0.91756,0,-0.96404,0.06239,-0.25832,0,-0.01931,0.95304,0.30224,0,5.63497,132.99727,5.87785,1
5,Neck,0.16894,0.97689,0.13092,0,0.9114,-0.2054,0.35659,0,0.37524,0.05908,-0.92504,0,0.95254,131.37101,19.5442,1
5,Pelvis,-0.08554,0.97416,-0.20903,0,0.89231,0.16824,0.4189,0,0.44325,-0.15069,-0.88364,0,-0.40594,81.76781,23.82426,1
5,R_Calf,-0.29732,-0.95467,-0.01426,0,0.83299,-0.26666,0.48479,0,-0.46662,0.13226,0.87451,0,9.13314,51.603,43.2142,1
5,R_Clavicle,-0.41305,-0.19824,0.88887,0,-0.90295,0.21625,-0.37136,0,-0.1186,-0.956,-0.26833,0,-1.27209,130.48441,22.81906,1
5,R_Finger0,-0.07533,0.8546,0.5138,0,0.66863,-0.33897,0.66184,0,0.73977,0.3934,-0.54587,0,6.68648,125.98474,79.42475,1
5,R_Finger01,-0.08124,0.85331,0.51503,0,0.63717,-0.3529,0.68519,0,0.76643,0.38382,-0.51503,0,6.37908,129.472,81.52137,1
5,R_Finger1,-0.29731,0.53595,0.79017,0,0.87127,0.49078,-0.00506,0,-0.39051,0.68695,-0.61287,0,6.3,127.74472,84.42188,1
5,R_Finger2,0.25246,0.65563,0.71163,0,0.87203,0.16456,-0.46097,0,-0.41933,0.73693,-0.53018,0,6.69953,126.37232,85.27968,1
5,R_Finger3,0.73595,0.57232,0.36171,0,0.56246,-0.21946,-0.79716,0,-0.37685,0.79012,-0.48342,0,7.17796,125.00365,85.90152,1
5,R_Finger4,0.9331,0.35946,0.01099,0,0.18476,-0.45295,-0.87218,0,-0.30854,0.81586,-0.48906,0,7.89615,123.8899,86.47018,1
5,R_Finger11,-0.23954,0.56247,0.79136,0,0.88829,0.45595,-0.0552,0,-0.39187,0.68973,-0.60885,0,5.24165,129.65257,87.23471,1
5,R_Finger21,0.34858,0.66419,0.66132,0,0.83934,0.09279,-0.53562,0,-0.41712,0.74178,-0.52514,0,7.66411,128.87735,87.99865,1
5,R_Finger31,0.8743,0.4702,0.1205,0,0.32167,-0.37535,-0.86927,0,-0.3635,0.79876,-0.47942,0,9.9187,127.13503,87.24856,1
5,R_Finger41,0.7481,-0.14804,-0.64686,0,-0.60512,-0.55228,-0.57343,0,-0.27235,0.82041,-0.50274,0,11.14249,125.1405,86.50842,1
5,R_Foot,0.11106,-0.96851,-0.22285,0,0.75006,-0.06542,0.65812,0,-0.65197,-0.24024,0.71918,0,-4.74145,7.05239,42.54858,1
5,R_Forearm,0.41305,0.03631,0.90999,0,-0.65514,-0.68222,0.3246,0,0.6326,-0.73024,-0.258,0,-4.14213,121.1389,56.54268,1
5,R_Hand,0.16323,0.5337,0.82977,0,0.90716,0.24944,-0.33889,0,-0.38784,0.80805,-0.44343,0,6.17915,122.04626,79.28148,1
5,R_Thigh,0.36832,-0.86989,0.32808,0,0.80412,0.47519,0.3572,0,-0.46662,0.13226,0.87451,0,-4.1825,83.05174,31.35309,1
5,R_Toe0,0.74903,-0.05789,0.66,0,-0.11534,0.96957,0.21595,0,-0.65242,-0.23788,0.71956,0,4.37447,0.3268,48.56601,1
5,R_UpperArm,0.06074,-0.28532,0.9565,0,-0.77209,-0.62076,-0.13614,0,0.6326,-0.73024,-0.258,0,-5.68115,128.36828,32.3073,1
5,Spine,-0.08483,0.97429,-0.2087,0,0.89238,0.16746,0.41907,0,0.44325,-0.15069,-0.88364,0,-3.35827,92.15127,20.57259,1
5,Spine1,0.21563,0.97541,0.04564,0,0.9025,-0.21692,0.37206,0,0.37281,-0.03904,-0.92708,0,-4.50434,105.20343,17.77188,1
5,Spine2,0.1929,0.97734,0.08715,0,0.90661,-0.2115,0.36513,0,0.37529,0.00858,-0.92687,0,-1.62484,118.27459,18.37939,1
6,Head,0.11337,0.99179,0.05913,0,-0.16732,-0.03961,0.98511,0,0.97936,-0.12158,0.16145,0,3.80337,142.39399,18.58309,1
6,L_Calf,-0.32041,-0.9297,-0.18166,0,0.84145,-0.36741,0.3962,0,-0.43509,-0.02591,0.90001,0,20.83814,50.22364,20.71886,1
6,L_Clavicle,0.55537,0.16044,-0.81598,0,-0.82579,0.22225,-0.51834,0,0.09818,0.9617,0.25592,0,3.37466,132.07685,13.51098,1
6,L_Finger0,0.98417,0.15252,0.09026,0,0.17281,-0.71293,-0.67961,0,-0.03931,0.68445,-0.728,0,33.65906,140.69152,-39.93806,1
6,L_Finger01,0.98316,0.16068,0.08702,0,0.17497,-0.6905,-0.70185,0,-0.05268,0.70526,-0.70699,0,37.67507,141.3139,-39.56974,1
6,L_Finger1,0.87409,0.00145,-0.48577,0,0.33888,-0.71828,0.60764,0,-0.34804,-0.69575,-0.62833,0,35.43842,142.03929,-44.7584,1
6,L_Finger2,0.84927,-0.07045,-0.52324,0,0.3172,-0.72416,0.61235,0,-0.42205,-0.68602,-0.59266,0,34.45441,141.11489,-45.73622,1
6,L_Finger3,0.86044,-0.20599,-0.46607,0,0.19688,-0.70922,0.67694,0,-0.46998,-0.67422,-0.56969,0,33.49082,140.11078,-46.47925,1
6,L_Finger4,0.90672,-0.35765,-0.22347,0,-0.05395,-0.62391,0.77963,0,-0.41826,-0.69485,-0.58501,0,32.85713,139.00168,-47.14854,1
6,L_Finger11,0.88807,-0.03589,-0.45831,0,0.29635,-0.71745,0.63043,0,-0.35144,-0.69568,-0.62651,0,38.54998,142.04445,-46.48762,1
6,L_Finger21,0.89228,-0.24149,-0.38147,0,0.11934,-0.68872,0.71514,0,-0.43542,-0.68363,-0.58571,0,37.69927,140.84573,-47.73541,1
6,L_Finger31,0.8731,-0.41194,-0.26076,0,-0.05774,-0.61846,0.78369,0,-0.48411,-0.66919,-0.56376,0,36.69517,139.34366,-48.21492,1
6,L_Finger41,0.89596,-0.41719,-0.15235,0,-0.13811,-0.58774,0.79718,0,-0.42211,-0.6932,-0.58421,0,36.01173,137.75738,-47.92602,1
6,L_Foot,-0.1217,-0.99193,0.03554,0,0.86365,-0.08818,0.49632,0,-0.48918,0.0911,0.86741,0,5.88612,6.83847,12.24139,1
6,L_Forearm,0.53744,0.0492,-0.84186,0,-0.77429,0.42431,-0.46951,0,0.33411,0.90418,0.26614,0,16.47552,138.17448,-19.10134,1
6,L_Hand,0.6119,0.12636,-0.78078,0,0.59906,-0.7186,0.35319,0,-0.51644,-0.68385,-0.51541,0,29.90518,139.40388,-40.13793,1
6,L_Thigh,0.43872,-0.879,0.18678,0,0.78627,0.47612,0.39382,0,-0.43509,-0.02591,0.90001,0,4.97735,82.00182,13.96623,1
6,L_Toe0,0.87226,0.02439,0.48844,0,0.03039,0.99412,-0.10391,0,-0.4881,0.10548,0.86639,0,14.83883,-0.28772,18.03875,1
6,L_UpperArm,0.28308,0.17306,-0.94335,0,-0.89902,0.39053,-0.19814,0,0.33411,0.90418,0.26614,0,9.30292,133.78951,4.8008,1
6,Neck,0.17855,0.97539,0.1294,0,0.8312,-0.2199,0.51064,0,0.52652,0.01639,-0.85,0,2.02098,132.65684,17.2913,1
6,Pelvis,-0.07237,0.97583,-0.2062,0,0.82032,0.17584,0.54421,0,0.56731,-0.12977,-0.81322,0,0.14372,83.10746,20.895,1
6,R_Calf,-0.23929,-0.97061,0.0258,0,0.80136,-0.18242,0.56968,0,-0.54823,0.15699,0.82146,0,7.32788,53.10753,41.78909,1
6,R_Clavicle,-0.55825,-0.05457,0.82788,0,-0.81453,0.22582,-0.53437,0,-0.15779,-0.97264,-0.17051,0,-0.74961,131.94849,20.16912,1
6,R_Finger0,0.41964,0.89447,0.15438,0,0.627,-0.40862,0.66325,0,0.65634,-0.18153,-0.7323,0,4.70501,137.40339,74.67398,1
6,R_Finger01,0.41422,0.89659,0.15668,0,0.60024,-0.39849,0.69348,0,0.6842,-0.19321,-0.70324,0,6.41739,141.05335,75.30393,1
6,R_Finger1,0.39511,0.80487,0.44279,0,0.87161,-0.17621,-0.45744,0,-0.29015,0.56668,-0.77116,0,6.74071,140.4751,78.50003,1
6,R_Finger2,0.79529,0.55949,0.23342,0,0.55089,-0.50626,-0.66349,0,-0.25304,0.65626,-0.71084,0,6.81915,139.3991,79.77085,1
6,R_Finger3,0.98286,0.16728,-0.07754,0,0.06306,-0.70018,-0.71118,0,-0.17326,0.6941,-0.69872,0,6.88796,138.21918,80.81579,1
6,R_Finger4,0.92683,-0.20172,-0.3167,0,-0.36171,-0.70601,-0.60887,0,-0.10077,0.67887,-0.72731,0,7.24572,137.11412,81.67047,1
6,R_Finger11,0.4296,0.79565,0.42707,0,0.85557,-0.20734,-0.47435,0,-0.28887,0.56917,-0.7698,0,8.14722,143.34027,80.07628,1
6,R_Finger21,0.86111,0.4848,0.15314,0,0.445,-0.57302,-0.6882,0,-0.24589,0.66077,-0.70917,0,9.85778,141.53678,80.66269,1
6,R_Finger31,0.95622,-0.07186,-0.2837,0,-0.2476,-0.71546,-0.6533,0,-0.15603,0.69494,-0.70193,0,10.54821,138.84215,80.52702,1
6,R_Finger41,0.29195,-0.70367,-0.64777,0,-0.95359,-0.26632,-0.14049,0,-0.07365,0.65873,-0.74877,0,10.47026,136.41232,80.56865,1
6,R_Foot,0.0524,-0.96294,-0.26457,0,0.72761,-0.14465,0.67057,0,-0.68399,-0.22764,0.69306,0,-3.83861,7.81334,42.99314,1
6,R_Forearm,0.43958,0.17923,0.88014,0,-0.79367,-0.38129,0.47403,0,0.42055,-0.90692,-0.02535,0,-8.33359,129.90677,54.24942,1
6,R_Hand,0.62874,0.59531,0.50029,0,0.7618,-0.34245,-0.5499,0,-0.15603,0.72687,-0.66882,0,2.65055,134.38537,76.24251,1
6,R_Thigh,0.33242,-0.8604,0.38629,0,0.76742,0.48484,0.41951,0,-0.54823,0.15699,0.82146,0,-4.68988,84.21312,27.82377,1
6,R_Toe0,0.71653,-0.03759,0.69654,0,-0.14531,0.9686,0.20175,0,-0.68225,-0.24578,0.68857,0,4.66211,0.23185,48.89244,1
6,R_UpperArm,-0.06413,-0.05759,0.99628,0,-0.905,-0.41736,-0.08238,0,0.42055,-0.90692,-0.02535,0,-6.70864,131.36601,29.00627,1
6,Spine,-0.07172,0.97597,-0.20577,0,0.82037,0.17506,0.54437,0,0.56731,-0.12977,-0.81321,0,-2.50123,93.49226,17.39269,1
6,Spine1,0.21442,0.9726,0.08982,0,0.82271,-0.2294,0.52012,0,0.52648,-0.03763,-0.84936,0,-3.47093,106.56676,14.62986,1
6,Spine2,0.19662,0.97434,0.10954,0,0.82669,-0.22481,0.5158,0,0.52719,-0.01086,-0.84968,0,-0.60686,119.60049,15.82774,1
7,Head,0.04501,0.99894,-0.00952,0,-0.27216,0.02143,0.96201,0,0.9612,-0.04071,0.27284,0,5.98001,143.52181,16.28617,1
7,L_Calf,-0.26391,-0.90725,-0.32748,0,0.55836,-0.42055,0.71511,0,-0.7865,0.00588,0.61756,0,14.82245,49.29127,21.64831,1
7,L_Clavicle,0.72993,0.10763,-0.67499,0,-0.67842,0.2344,-0.69627,0,0.08328,0.96616,0.24412,0,6.01786,133.00537,11.62177,1
7,L_Finger0,0.88672,-0.36793,-0.27993,0,-0.46105,-0.74856,-0.47654,0,-0.03422,0.55162,-0.83339,0,32.03358,129.05705,-43.55238,1
7,L_Finger01,0.88815,-0.36068,-0.28477,0,-0.45876,-0.73214,-0.50351,0,-0.02689,0.57783,-0.81571,0,35.65193,127.55568,-44.69469,1
7,L_Finger1,0.46592,-0.42082,-0.77835,0,0.23167,-0.79096,0.56631,0,-0.85396,-0.44417,-0.27104,0,32.24104,128.89677,-48.858,1
7,L_Finger2,0.42785,-0.49489,-0.75633,0,0.19681,-0.7657,0.61235,0,-0.88216,-0.41085,-0.2302,0,30.66081,128.52002,-49.23197,1
7,L_Finger3,0.41379,-0.63055,-0.65665,0,0.12055,-0.677,0.72605,0,-0.90236,-0.37959,-0.20412,0,29.1512,128.08465,-49.37467,1
7,L_Finger4,0.4708,-0.78475,-0.40314,0,-0.01225,-0.46272,0.88642,0,-0.88216,-0.41238,-0.22746,0,27.89102,127.39813,-49.51702,1
7,L_Finger11,0.46811,-0.43211,-0.77081,0,0.22527,-0.78512,0.57693,0,-0.85447,-0.44371,-0.27019,0,33.89961,127.39876,-51.62875,1
7,L_Finger21,0.44504,-0.62391,-0.6424,0,0.1212,-0.66879,0.7335,0,-0.88727,-0.4043,-0.22202,0,32.29553,126.62917,-52.12172,1
7,L_Finger31,0.41849,-0.78099,-0.46359,0,0.01806,-0.50319,0.86399,0,-0.90804,-0.36995,-0.19647,0,30.69218,125.73643,-51.82009,1
7,L_Finger41,0.46746,-0.80853,-0.35745,0,-0.03645,-0.42163,0.90604,0,-0.88326,-0.4105,-0.22656,0,29.52898,124.66791,-50.91958,1
7,L_Foot,-0.1224,-0.99242,-0.01109,0,0.44497,-0.06486,0.89319,0,-0.88714,0.10439,0.44954,0,2.50664,6.95354,6.36627,1
7,L_Forearm,0.45192,-0.21617,-0.86547,0,-0.66553,0.56433,-0.48847,0,0.594,0.79675,0.11116,0,17.04704,135.24319,-20.68957,1
7,L_Hand,0.25571,-0.26909,-0.92855,0,0.30264,-0.88992,0.34124,0,-0.91816,-0.36828,-0.14612,0,28.33955,129.84139,-42.31606,1
7,L_Thigh,0.21003,-0.93781,0.27641,0,0.58078,0.3471,0.73636,0,-0.7865,0.00588,0.61756,0,7.2294,83.19555,11.65529,1
7,L_Toe0,0.45754,0.05843,0.88727,0,0.08,0.99109,-0.10652,0,-0.88558,0.11972,0.44879,0,6.75004,0.08631,16.3351,1
7,L_UpperArm,0.12778,0.04298,-0.99087,0,-0.79425,0.60278,-0.07628,0,0.594,0.79675,0.11116,0,13.80953,134.15422,4.41659,1
7,Neck,0.19912,0.97201,0.12467,0,0.70513,-0.23045,0.67059,0,0.68055,-0.04562,-0.73128,0,3.99222,133.81833,15.04165,1
7,Pelvis,-0.01896,0.97837,-0.20598,0,0.68617,0.16258,0.70904,0,0.7272,-0.12789,-0.67441,0,1.03351,84.2852,17.40139,1
7,R_Calf,-0.16248,-0.98104,0.10563,0,0.70279,-0.03992,0.71027,0,-0.69259,0.18964,0.69596,0,4.21808,55.19665,40.70591,1
7,R_Clavicle,-0.69646,0.1135,0.70857,0,-0.67588,0.22801,-0.70085,0,-0.2411,-0.96702,-0.08209,0,0.68709,133.36273,17.34996,1
7,R_Finger0,0.88209,0.43795,0.17354,0,0.18697,-0.6636,0.72434,0,0.43239,-0.60649,-0.66724,0,1.82195,145.79123,69.49683,1
7,R_Finger01,0.87912,0.44319,0.17531,0,0.17106,-0.63673,0.75187,0,0.44485,-0.631,-0.63557,0,5.42141,147.57833,70.20497,1
7,R_Finger1,0.92158,0.24349,0.30232,0,0.37623,-0.75205,-0.54118,0,0.09559,0.61248,-0.78468,0,5.23623,147.12916,73.34012,1
7,R_Finger2,0.97825,-0.14674,0.14662,0,-0.01151,-0.74415,-0.66792,0,0.20711,0.6517,-0.72965,0,4.61033,146.28752,74.63582,1
7,R_Finger3,0.856,-0.51067,-0.08049,0,-0.41782,-0.59169,-0.68945,0,0.30446,0.6238,-0.71985,0,3.91764,145.36011,75.7077,1
7,R_Finger4,0.5852,-0.76078,-0.28062,0,-0.72642,-0.33805,-0.59836,0,0.36036,0.55401,-0.75047,0,3.50272,144.30622,76.60032,1
7,R_Finger11,0.93689,0.20802,0.28099,0,0.33535,-0.76199,-0.554,0,0.09887,0.61327,-0.78366,0,8.51685,147.99592,74.41633,1
7,R_Finger21,0.96063,-0.27454,0.04272,0,-0.17229,-0.70921,-0.68362,0,0.21798,0.64934,-0.72859,0,8.34801,145.72688,75.19601,1
7,R_Finger31,0.6635,-0.68922,-0.29111,0,-0.67685,-0.38714,-0.6261,0,0.31882,0.61245,-0.72336,0,7.10547,143.45833,75.40794,1
7,R_Finger41,-0.22808,-0.75302,-0.61721,0,-0.90127,0.40312,-0.15877,0,0.36837,0.52006,-0.77061,0,5.5387,141.65937,75.624,1
7,R_Foot,0.01504,-0.92614,-0.37689,0,0.68212,-0.2661,0.68111,0,-0.73109,-0.26733,0.62773,0,-3.36433,9.4155,45.63511,1
7,R_Forearm,0.43099,0.18816,0.88252,0,-0.90217,0.10992,0.41714,0,-0.01852,-0.97597,0.21712,0,-12.45515,140.03829,48.9874,1
