1744,Head,-0.01314,0.99692,0.07732,0,0.32063,-0.06904,0.94469,0,0.94711,0.03721,-0.31873,0,-5.91778,158.26315,3.9953,1
1744,L_Calf,0.10841,-0.98288,-0.14894,0,0.20376,-0.12468,0.97105,0,-0.973,-0.13562,0.18675,0,11.70546,49.83114,6.38494,1
1744,L_Clavicle,0.99699,-0.07644,-0.01315,0,-0.0112,0.02586,-0.9996,0,0.07675,0.99674,0.02492,0,-0.97429,147.61736,2.67044,1
1744,L_Finger0,-0.27363,-0.90829,0.31643,0,0.32206,-0.39651,-0.85968,0,0.90631,-0.13333,0.40102,0,22.56302,92.12256,15.36457,1
1744,L_Finger01,-0.14276,-0.98974,-0.00642,0,0.39776,-0.05143,-0.91605,0,0.90631,-0.13333,0.40102,0,21.06534,87.15114,17.09649,1
1744,L_Finger1,-0.60605,-0.78659,-0.1182,0,-0.63696,0.56893,-0.52019,0,0.47643,-0.23997,-0.84583,0,25.60208,86.43364,17.13024,1
1744,L_Finger2,-0.60759,-0.77459,-0.17562,0,-0.63404,0.60619,-0.48013,0,0.47837,-0.18037,-0.85944,0,27.10557,85.97412,15.5172,1
1744,L_Finger3,-0.61778,-0.73899,-0.26879,0,-0.61774,0.66759,-0.41561,0,0.48657,-0.09072,-0.86892,0,28.36042,85.56345,13.68984,1
1744,L_Finger4,-0.60803,-0.74054,-0.28619,0,-0.62607,0.66891,-0.40075,0,0.4882,-0.06449,-0.87034,0,29.23781,85.1648,11.64986,1
1744,L_Finger11,-0.70022,0.47823,-0.53009,0,0.53171,0.84481,0.05981,0,0.47643,-0.23997,-0.84583,0,22.65684,82.611,16.5558,1
1744,L_Finger21,-0.73635,0.45088,-0.50448,0,0.4785,0.87417,0.08287,0,0.47837,-0.18037,-0.85944,0,23.75264,81.69957,14.54804,1
1744,L_Finger31,-0.73711,0.49125,-0.46404,0,0.46896,0.86628,0.17216,0,0.48657,-0.09072,-0.86892,0,25.37629,81.99386,12.3915,1
1744,L_Finger41,-0.76252,0.45359,-0.46133,0,0.42453,0.88888,0.17226,0,0.4882,-0.06449,-0.87034,0,27.08322,82.54065,10.63574,1
1744,L_Foot,-0.01525,-0.9997,-0.01903,0,0.55471,-0.02429,0.83169,0,-0.8319,0.00213,0.55492,0,16.28206,8.33985,0.09743,1
1744,L_Forearm,0.18671,-0.87383,0.44895,0,0.16073,-0.42366,-0.89145,0,0.96918,0.2386,0.06135,0,20.3945,119.51927,-1.13869,1
1744,L_Hand,0.16996,-0.94116,0.29212,0,-0.86117,-0.28596,-0.42025,0,0.47906,-0.18014,-0.8591,0,25.68763,94.74628,11.5889,1
1744,L_Thigh,0.14244,-0.98952,0.02351,0,0.18161,0.04948,0.98213,0,-0.973,-0.13562,0.18675,0,6.15334,88.40122,5.46836,1
1744,L_Toe0,0.55473,-0.02353,0.8317,0,0.01483,0.99972,0.01839,0,-0.8319,0.00213,0.55492,0,23.03592,0.27363,10.25336,1
1744,L_UpperArm,0.24474,-0.96099,-0.12884,0,0.02822,0.13988,-0.98977,0,0.96918,0.2386,0.06135,0,13.52165,146.50594,2.47928,1
1744,Neck,-0.09642,0.99382,0.05502,0,0.04289,-0.05108,0.99777,0,0.99442,0.09857,-0.0377,0,-4.9246,148.02622,3.42854,1
1744,Pelvis,0.0646,0.99791,0,0,0,0,1,0,0.99791,-0.0646,0,0,-2.34908,88.95162,5.46837,1
1744,R_Calf,0.02151,-0.99887,-0.04242,0,-0.02637,-0.04299,0.99873,0,-0.99942,-0.02037,-0.02726,0,-10.01412,50.56592,3.85724,1
1744,R_Clavicle,-0.95567,-0.28762,0.06297,0,-0.07169,0.01986,-0.99723,0,0.28557,-0.95754,-0.0396,0,-8.76362,146.84531,2.96579,1
1744,R_Finger0,0.23497,-0.92478,0.29928,0,-0.25719,-0.35608,-0.89836,0,0.93736,0.13411,-0.32152,0,-24.75227,84.81128,9.2527,1
1744,R_Finger01,0.08943,-0.98464,-0.14998,0,-0.33669,0.11184,-0.93495,0,0.93736,0.13411,-0.32152,0,-23.46621,79.74963,10.89079,1
1744,R_Finger1,0.26723,-0.96305,0.03348,0,0.85455,0.22078,-0.4701,0,0.44534,0.15424,0.88198,0,-27.01122,78.55344,9.9264,1
1744,R_Finger2,0.24036,-0.97014,-0.03253,0,0.85588,0.22763,-0.46438,0,0.45792,0.08378,0.88504,0,-28.45542,78.19985,8.23444,1
1744,R_Finger3,0.19797,-0.97374,-0.11244,0,0.85588,0.22763,-0.46438,0,0.47778,-0.0043,0.87847,0,-29.66125,77.96447,6.34416,1
1744,R_Finger4,0.18533,-0.97329,-0.13551,0,0.85588,0.22763,-0.46438,0,0.48282,-0.02992,0.87521,0,-30.49612,77.82777,4.25262,1
1744,R_Finger11,0.6642,-0.71747,-0.20991,0,0.60042,0.67929,-0.42197,0,0.44534,0.15424,0.88198,0,-25.71256,73.87329,10.08912,1
1744,R_Finger21,0.68371,-0.66949,-0.29038,0,0.5682,0.73808,-0.36385,0,0.45792,0.08378,0.88504,0,-27.12898,72.84621,8.05491,1
1744,R_Finger31,0.67282,-0.64117,-0.36907,0,0.56483,0.76739,-0.30344,0,0.47778,-0.0043,0.87847,0,-28.70499,73.26093,5.80104,1
1744,R_Finger41,0.63693,-0.6739,-0.37441,0,0.601,0.73822,-0.30632,0,0.48282,-0.02992,0.87521,0,-29.8394,74.37887,3.77243,1
1744,R_Foot,-0.00065,-0.99992,-0.01283,0,-0.17613,-0.01252,0.98429,0,-0.98437,0.0029,-0.17611,0,-9.10602,8.39987,2.06633,1
1744,R_Forearm,-0.07611,-0.97015,0.23026,0,-0.13286,-0.21901,-0.96664,0,0.98821,-0.10417,-0.11222,0,-26.06469,115.14596,-0.5683,1
1744,R_Hand,-0.04374,-0.99222,0.11655,0,0.88755,-0.09215,-0.4514,0,0.45863,0.0837,0.88468,0,-28.22246,87.64251,5.95958,1
1744,R_Thigh,0.02148,-0.99891,-0.04133,0,-0.02639,-0.0419,0.99877,0,-0.99942,-0.02037,-0.02726,0,-10.8515,89.50202,5.46838,1
1744,R_Toe0,-0.17599,-0.05588,0.9828,0,-0.00699,0.99843,0.05552,0,-0.98437,0.0029,-0.17611,0,-11.29312,0.47786,14.16095,1
1744,R_UpperArm,-0.12128,-0.97989,-0.15845,0,-0.09346,0.17019,-0.98097,0,0.98821,-0.10417,-0.11222,0,-22.65883,142.66334,3.88137,1
1744,Spine,0.03164,0.99949,0.00409,0,0.01667,-0.00462,0.99985,0,0.99936,-0.03157,-0.01681,0,-2.40626,102.00256,2.54766,1
1744,Spine1,-0.09756,0.99485,0.02762,0,0.04023,-0.02379,0.99891,0,0.99442,0.09857,-0.0377,0,-1.91958,117.39142,2.59832,1
1744,Spine2,-0.09756,0.99485,0.02762,0,0.04023,-0.02379,0.99891,0,0.99442,0.09857,-0.0377,0,-3.42216,132.70874,3.0114,1
1745,Head,-0.01281,0.99679,0.07898,0,0.31811,-0.07082,0.94541,0,0.94797,0.03724,-0.31618,0,-5.91694,158.25759,3.99091,1
1745,L_Calf,0.10844,-0.98278,-0.14959,0,0.20254,-0.12548,0.9712,0,-0.97325,-0.13561,0.18545,0,11.70397,49.82582,6.41095,1
1745,L_Clavicle,0.997,-0.07644,-0.01181,0,-0.00986,0.02586,-0.99962,0,0.07672,0.99674,0.02503,0,-0.97167,147.61183,2.67263,1
1745,L_Finger0,-0.27402,-0.90831,0.31604,0,0.32321,-0.39648,-0.85927,0,0.90578,-0.13331,0.40222,0,22.55043,92.11671,15.39794,1
1745,L_Finger01,-0.14272,-0.98974,-0.00664,0,0.39898,-0.05139,-0.91552,0,0.90578,-0.13331,0.40222,0,21.0506,87.14519,17.12771,1
1745,L_Finger1,-0.60587,-0.78661,-0.11903,0,-0.63629,0.56893,-0.52102,0,0.47756,-0.23993,-0.8452,0,25.58732,86.42784,17.16748,1
1745,L_Finger2,-0.60733,-0.77461,-0.17645,0,-0.63342,0.60619,-0.48096,0,0.47952,-0.18033,-0.8588,0,27.09296,85.96842,15.55643,1
1745,L_Finger3,-0.6174,-0.739,-0.26963,0,-0.61721,0.66758,-0.41641,0,0.48772,-0.09067,-0.86828,0,28.35027,85.55786,13.73073,1
1745,L_Finger4,-0.60762,-0.74055,-0.28702,0,-0.62555,0.6689,-0.40156,0,0.48936,-0.06445,-0.8697,0,29.23038,85.15928,11.69191,1
1745,L_Finger11,-0.69953,0.47822,-0.531,0,0.5316,0.84483,0.06054,0,0.47756,-0.23993,-0.8452,0,22.64297,82.60514,16.58901,1
1745,L_Finger21,-0.73569,0.45087,-0.50545,0,0.47836,0.87418,0.08353,0,0.47952,-0.18033,-0.8588,0,23.74146,81.69379,14.58267,1
1745,L_Finger31,-0.73651,0.49124,-0.46501,0,0.4687,0.86629,0.17281,0,0.48772,-0.09067,-0.86828,0,25.36798,81.9882,12.42831,1
1745,L_Finger41,-0.76192,0.45358,-0.46233,0,0.42427,0.88888,0.17285,0,0.48936,-0.06445,-0.8697,0,27.07723,82.5351,10.67485,1
1745,L_Foot,-0.01526,-0.9997,-0.01904,0,0.55471,-0.02431,0.83169,0,-0.8319,0.00213,0.55492,0,16.28154,8.33878,0.09599,1
1745,L_Forearm,0.18614,-0.87384,0.44917,0,0.16193,-0.42362,-0.89125,0,0.96909,0.23863,0.06265,0,20.403,119.51386,-1.10737,1
1745,L_Hand,0.1696,-0.94116,0.29232,0,-0.8606,-0.28597,-0.4214,0,0.4802,-0.1801,-0.85847,0,25.67997,94.74066,11.62651,1
1745,L_Thigh,0.14243,-0.98952,0.02389,0,0.18026,0.04966,0.98236,0,-0.97325,-0.13561,0.18545,0,6.1522,88.3956,5.47976,1
1745,L_Toe0,0.55473,-0.02353,0.8317,0,0.01483,0.99972,0.01839,0,-0.8319,0.00213,0.55492,0,23.03533,0.27236,10.25182,1
1745,L_UpperArm,0.24494,-0.96099,-0.12849,0,0.02954,0.13986,-0.98973,0,0.96909,0.23863,0.06265,0,13.52451,146.50039,2.50091,1
1745,Neck,-0.09649,0.99382,0.0549,0,0.04155,-0.05109,0.99783,0,0.99447,0.09857,-0.03637,0,-4.92299,148.02065,3.42542,1
1745,Pelvis,0.0646,0.99791,9e-005,0,-0.00134,-1e-005,1,0,0.99791,-0.0646,0.00134,0,-2.35022,88.94604,5.46837,1
1745,R_Calf,0.02181,-0.99839,-0.05245,0,-0.02749,-0.05305,0.99821,0,-0.99938,-0.02033,-0.0286,0,-10.02665,50.54465,4.27785,1
1745,R_Clavicle,-0.95576,-0.28762,0.06169,0,-0.07035,0.01987,-0.99732,0,0.28563,-0.95754,-0.03922,0,-8.76139,146.83974,2.95751,1
1745,R_Finger0,0.23452,-0.92481,0.29956,0,-0.256,-0.35603,-0.89873,0,0.9378,0.13408,-0.32025,0,-24.76099,84.80534,9.22161,1
1745,R_Finger01,0.08959,-0.98463,-0.14991,0,-0.33542,0.11189,-0.9354,0,0.9378,0.13408,-0.32025,0,-23.47737,79.74356,10.86119,1
1745,R_Finger1,0.26714,-0.96306,0.0338,0,0.85519,0.22076,-0.46894,0,0.44416,0.15418,0.88258,0,-27.02113,78.54756,9.89198,1
1745,R_Finger2,0.24036,-0.97015,-0.03225,0,0.85652,0.22761,-0.46322,0,0.45673,0.08372,0.88566,0,-28.46308,78.19412,8.19805,1
1745,R_Finger3,0.19807,-0.97374,-0.11222,0,0.85652,0.22761,-0.46322,0,0.4766,-0.00436,0.87911,0,-29.66636,77.95889,6.30614,1
1745,R_Finger4,0.18547,-0.97329,-0.1353,0,0.85652,0.22761,-0.46322,0,0.48164,-0.02998,0.87585,0,-30.49842,77.82231,4.21347,1
1745,R_Finger11,0.66445,-0.7175,-0.20905,0,0.60102,0.67929,-0.42113,0,0.44416,0.15418,0.88258,0,-25.7229,73.86734,10.05622,1
1745,R_Finger21,0.68407,-0.66951,-0.28949,0,0.56872,0.73807,-0.36305,0,0.45673,0.08372,0.88566,0,-27.13664,72.84043,8.02006,1
1745,R_Finger31,0.67329,-0.64118,-0.3682,0,0.56527,0.76738,-0.30265,0,0.4766,-0.00436,0.87911,0,-28.70958,73.25532,5.76409,1
1745,R_Finger41,0.6374,-0.67391,-0.37358,0,0.60145,0.7382,-0.30548,0,0.48164,-0.02998,0.87585,0,-29.8412,74.37339,3.73401,1
1745,R_Foot,-0.00065,-0.99992,-0.01283,0,-0.17613,-0.01252,0.98429,0,-0.98437,0.0029,-0.17611,0,-9.10608,8.39899,2.06357,1
1745,R_Forearm,-0.07647,-0.97015,0.23012,0,-0.13156,-0.21896,-0.96682,0,0.98835,-0.1042,-0.11089,0,-26.0588,115.14052,-0.59976,1
1745,R_Hand,-0.04394,-0.99222,0.11645,0,0.88816,-0.09217,-0.45021,0,0.45744,0.08364,0.8853,0,-28.22662,87.63687,5.92395,1
1745,R_Thigh,0.02119,-0.99932,-0.03025,0,-0.02797,-0.03084,0.99913,0,-0.99938,-0.02033,-0.0286,0,-10.85263,89.49648,5.45698,1
1745,R_Toe0,-0.17599,-0.05588,0.9828,0,-0.00699,0.99843,0.05552,0,-0.98437,0.0029,-0.17611,0,-11.29318,0.47699,14.1582,1
1745,R_UpperArm,-0.12111,-0.97989,-0.15861,0,-0.09214,0.1702,-0.98109,0,0.98835,-0.1042,-0.11089,0,-22.65782,142.65778,3.85442,1
1745,Spine,0.03164,0.99949,0.00413,0,0.01533,-0.00462,0.99987,0,0.99938,-0.03157,-0.01547,0,-2.40347,101.99699,2.54766,1
1745,Spine1,-0.0976,0.99485,0.0275,0,0.03889,-0.0238,0.99896,0,0.99447,0.09857,-0.03637,0,-1.91686,117.38585,2.59907,1
1745,Spine2,-0.0976,0.99485,0.0275,0,0.03889,-0.0238,0.99896,0,0.99447,0.09857,-0.03637,0,-3.41999,132.70317,3.01021,1
1746,Head,-0.01277,0.99666,0.08071,0,0.3178,-0.07249,0.94538,0,0.94807,0.03772,-0.31581,0,-5.91824,158.25178,3.98631,1
1746,L_Calf,0.10849,-0.98267,-0.15029,0,0.20126,-0.12634,0.97136,0,-0.97351,-0.13563,0.18407,0,11.70153,49.82046,6.43958,1
1746,L_Clavicle,0.99702,-0.07644,-0.0104,0,-0.00845,0.02587,-0.99963,0,0.07668,0.99674,0.02515,0,-0.97112,147.60601,2.67495,1
1746,L_Finger0,-0.27437,-0.90836,0.31558,0,0.32444,-0.39638,-0.85885,0,0.90524,-0.13326,0.40346,0,22.53849,92.11015,15.43289,1
1746,L_Finger01,-0.14261,-0.98975,-0.00692,0,0.40025,-0.05128,-0.91497,0,0.90524,-0.13326,0.40346,0,21.03676,87.13835,17.1602,1
1746,L_Finger1,-0.60562,-0.78666,-0.11993,0,-0.63562,0.56891,-0.52185,0,0.47875,-0.23981,-0.84456,0,25.57349,86.42143,17.20617,1
1746,L_Finger2,-0.60701,-0.77465,-0.17736,0,-0.63281,0.60616,-0.48178,0,0.48072,-0.18021,-0.85815,0,27.0814,85.96229,15.59717,1
1746,L_Finger3,-0.61695,-0.73904,-0.27054,0,-0.6167,0.66755,-0.41721,0,0.48893,-0.09056,-0.86761,0,28.34127,85.552,13.77317,1
1746,L_Finger4,-0.60715,-0.74059,-0.28791,0,-0.62507,0.66887,-0.40237,0,0.49057,-0.06433,-0.86902,0,29.22423,85.15368,11.73553,1
1746,L_Finger11,-0.69884,0.4782,-0.53193,0,0.53143,0.84488,0.06134,0,0.47875,-0.23981,-0.84456,0,22.63032,82.59848,16.62333,1
1746,L_Finger21,-0.73503,0.45084,-0.50643,0,0.47815,0.87422,0.08426,0,0.48072,-0.18021,-0.85815,0,23.73167,81.68741,14.61844,1
1746,L_Finger31,-0.73592,0.49121,-0.46599,0,0.46837,0.86632,0.17353,0,0.48893,-0.09056,-0.86761,0,25.36113,81.98215,12.46635,1
1746,L_Finger41,-0.76132,0.45354,-0.46335,0,0.42394,0.88891,0.17351,0,0.49057,-0.06433,-0.86902,0,27.07275,82.52936,10.71529,1
1746,L_Foot,-0.01529,-0.9997,-0.01908,0,0.55471,-0.02436,0.83169,0,-0.8319,0.00213,0.55492,0,16.28139,8.33817,0.09522,1
1746,L_Forearm,0.1856,-0.87386,0.44936,0,0.1632,-0.42354,-0.89106,0,0.96898,0.23872,0.06401,0,20.41122,119.50844,-1.07313,1
1746,L_Hand,0.16929,-0.94117,0.29248,0,-0.85999,-0.28602,-0.42262,0,0.48141,-0.17999,-0.85782,0,25.67298,94.73471,11.666,1
1746,L_Thigh,0.14246,-0.9895,0.02432,0,0.17884,0.04989,0.98261,0,-0.97351,-0.13563,0.18407,0,6.14876,88.38968,5.49179,1
1746,L_Toe0,0.55473,-0.02353,0.8317,0,0.01483,0.99972,0.01839,0,-0.8319,0.00213,0.55492,0,23.03495,0.27114,10.25072,1
1746,L_UpperArm,0.24521,-0.96097,-0.12808,0,0.03094,0.1398,-0.9897,0,0.96898,0.23872,0.06401,0,13.52529,146.49459,2.52371,1
1746,Neck,-0.09657,0.99382,0.05477,0,0.04014,-0.05109,0.99789,0,0.99452,0.09857,-0.03496,0,-4.9235,148.01483,3.42216,1
1746,Pelvis,0.06461,0.99791,0.00019,0,-0.00275,-1e-005,1,0,0.99791,-0.06461,0.00275,0,-2.35362,88.94023,5.46837,1
1746,R_Calf,0.02198,-0.99816,-0.05646,0,-0.02882,-0.05708,0.99795,0,-0.99934,-0.02031,-0.03002,0,-10.03423,50.5338,4.44715,1
1746,R_Clavicle,-0.95584,-0.28762,0.06033,0,-0.06894,0.01987,-0.99742,0,0.28568,-0.95754,-0.03882,0,-8.76123,146.83393,2.94882,1
1746,R_Finger0,0.23397,-0.92488,0.29977,0,-0.25476,-0.35587,-0.89914,0,0.93827,0.134,-0.31889,0,-24.77724,84.79837,9.18645,1
1746,R_Finger01,0.08967,-0.98462,-0.14991,0,-0.33407,0.11207,-0.93586,0,0.93827,0.134,-0.31889,0,-23.49666,79.7362,10.82718,1
1746,R_Finger1,0.26696,-0.96311,0.03405,0,0.85589,0.22071,-0.46769,0,0.44292,0.154,0.88324,0,-27.03919,78.54081,9.85274,1
1746,R_Finger2,0.24028,-0.97018,-0.03204,0,0.85721,0.22756,-0.46196,0,0.45547,0.08353,0.88632,0,-28.47875,78.1878,8.1567,1
1746,R_Finger3,0.1981,-0.97375,-0.11206,0,0.85721,0.22756,-0.46196,0,0.47534,-0.00455,0.87979,0,-29.67936,77.95299,6.26304,1
1746,R_Finger4,0.18553,-0.9733,-0.13517,0,0.85721,0.22756,-0.46196,0,0.48038,-0.03016,0.87654,0,-30.50845,77.8168,4.16916,1
1746,R_Finger11,0.66466,-0.71756,-0.20819,0,0.60171,0.67926,-0.42018,0,0.44292,0.154,0.88324,0,-25.74183,73.8604,10.01821,1
1746,R_Finger21,0.6844,-0.66956,-0.2886,0,0.56934,0.73804,-0.36214,0,0.45547,0.08353,0.88632,0,-27.15279,72.83394,7.97989,1
1746,R_Finger31,0.67373,-0.64122,-0.36732,0,0.56581,0.76734,-0.30173,0,0.47534,-0.00455,0.87979,0,-28.72244,73.24936,5.72173,1
1746,R_Finger41,0.63784,-0.67395,-0.37276,0,0.60198,0.73816,-0.30451,0,0.48038,-0.03016,0.87654,0,-29.85101,74.36786,3.69018,1
1746,R_Foot,-0.00065,-0.99992,-0.01283,0,-0.17613,-0.01252,0.98429,0,-0.98437,0.0029,-0.17611,0,-9.10621,8.39752,2.06372,1
1746,R_Forearm,-0.07693,-0.97018,0.22987,0,-0.13021,-0.21881,-0.96704,0,0.9885,-0.10432,-0.10949,0,-26.05688,115.13506,-0.63267,1
1746,R_Hand,-0.04424,-0.99223,0.11625,0,0.88879,-0.09223,-0.44895,0,0.45618,0.08346,0.88596,0,-28.23776,87.63082,5.88422,1
1746,R_Thigh,0.02108,-0.99945,-0.0256,0,-0.02948,-0.02621,0.99922,0,-0.99934,-0.02031,-0.03002,0,-10.856,89.49077,5.44495,1
1746,R_Toe0,-0.17599,-0.05588,0.9828,0,-0.00699,0.99843,0.05552,0,-0.98437,0.0029,-0.17611,0,-11.29331,0.47551,14.15834,1
1746,R_UpperArm,-0.121,-0.97987,-0.15877,0,-0.09073,0.1702,-0.98122,0,0.9885,-0.10432,-0.10949,0,-22.65892,142.65197,3.82606,1
1746,Spine,0.03163,0.99949,0.00419,0,0.01392,-0.00463,0.99989,0,0.9994,-0.03157,-0.01406,0,-2.40274,101.9912,2.54767,1
1746,Spine1,-0.09764,0.99485,0.02737,0,0.03748,-0.0238,0.99901,0,0.99452,0.09857,-0.03496,0,-1.9162,117.38005,2.59986,1
1746,Spine2,-0.09764,0.99485,0.02737,0,0.03748,-0.0238,0.99901,0,0.99452,0.09857,-0.03496,0,-3.41991,132.69737,3.00898,1
1747,Head,-0.01294,0.99651,0.08249,0,0.31918,-0.07407,0.9448,0,0.94761,0.03855,-0.31711,0,-5.9217,158.24577,3.98148,1
1747,L_Calf,0.10858,-0.98255,-0.15104,0,0.19992,-0.12725,0.97151,0,-0.97378,-0.13568,0.18262,0,11.69848,49.81515,6.47192,1
1747,L_Clavicle,0.99703,-0.07644,-0.00893,0,-0.00697,0.02588,-0.99964,0,0.07664,0.99674,0.02527,0,-0.97264,147.6,2.67735,1
1747,L_Finger0,-0.27467,-0.90845,0.31509,0,0.32573,-0.39622,-0.85844,0,0.90469,-0.13315,0.40473,0,22.52729,92.10299,15.46933,1
1747,L_Finger01,-0.14244,-0.98978,-0.00723,0,0.40156,-0.05111,-0.91441,0,0.90469,-0.13315,0.40473,0,21.02393,87.13073,17.1939,1
1747,L_Finger1,-0.60532,-0.78675,-0.12089,0,-0.63498,0.56886,-0.52269,0,0.47999,-0.23963,-0.84391,0,25.56072,86.41455,17.24622,1
1747,L_Finger2,-0.60662,-0.77474,-0.17831,0,-0.63223,0.60611,-0.48261,0,0.48197,-0.18003,-0.85749,0,27.07099,85.95586,15.63931,1
1747,L_Finger3,-0.61644,-0.73911,-0.27151,0,-0.61622,0.66749,-0.418,0,0.49018,-0.09037,-0.86692,0,28.33352,85.54601,13.81706,1
1747,L_Finger4,-0.60661,-0.74066,-0.28887,0,-0.62461,0.66881,-0.40318,0,0.49182,-0.06414,-0.86833,0,29.21946,85.14809,11.78063,1
1747,L_Finger11,-0.69817,0.47813,-0.53287,0,0.53119,0.84497,0.0622,0,0.47999,-0.23963,-0.84391,0,22.61905,82.59116,16.65874,1
1747,L_Finger21,-0.73439,0.45077,-0.50742,0,0.47788,0.8743,0.08505,0,0.48197,-0.18003,-0.85749,0,23.7234,81.68052,14.6553,1
1747,L_Finger31,-0.73534,0.49113,-0.46698,0,0.46797,0.86639,0.17429,0,0.49018,-0.09037,-0.86692,0,25.35587,81.9758,12.50556,1
1747,L_Finger41,-0.76075,0.45345,-0.46438,0,0.42354,0.88897,0.17422,0,0.49182,-0.06414,-0.86833,0,27.06989,82.52353,10.757,1
1747,L_Foot,-0.01535,-0.9997,-0.01917,0,0.55471,-0.02447,0.83168,0,-0.8319,0.00213,0.55492,0,16.28202,8.33812,0.09594,1
1747,L_Forearm,0.1851,-0.87389,0.44951,0,0.16454,-0.42339,-0.89088,0,0.96885,0.23887,0.06542,0,20.41913,119.50305,-1.03622,1
1747,L_Hand,0.16903,-0.94118,0.2926,0,-0.85934,-0.28611,-0.42388,0,0.48266,-0.1798,-0.85715,0,25.66669,94.72853,11.70722,1
1747,L_Thigh,0.14253,-0.98948,0.02482,0,0.17733,0.0502,0.98287,0,-0.97378,-0.13568,0.18262,0,6.14305,88.3835,5.50438,1
1747,L_Toe0,0.55473,-0.02353,0.8317,0,0.01483,0.99972,0.01839,0,-0.8319,0.00213,0.55492,0,23.03515,0.2698,10.2507,1
1747,L_UpperArm,0.24554,-0.96095,-0.12761,0,0.03238,0.1397,-0.98966,0,0.96885,0.23887,0.06542,0,13.52397,146.4886,2.54746,1
1747,Neck,-0.09665,0.99382,0.05463,0,0.03867,-0.0511,0.99794,0,0.99457,0.09857,-0.0335,0,-4.92612,148.00883,3.41874,1
1747,Pelvis,0.06463,0.99791,0.00029,0,-0.00424,-2e-005,0.99999,0,0.9979,-0.06463,0.00423,0,-2.35928,88.93422,5.46837,1
1747,R_Calf,0.02218,-0.99797,-0.05972,0,-0.03023,-0.06038,0.99772,0,-0.9993,-0.02032,-0.0315,0,-10.0426,50.52433,4.58573,1
1747,R_Clavicle,-0.95593,-0.28762,0.05892,0,-0.06747,0.01988,-0.99752,0,0.28574,-0.95754,-0.03841,0,-8.76315,146.82792,2.93974,1
1747,R_Finger0,0.23331,-0.925,0.29991,0,-0.25349,-0.35561,-0.8996,0,0.93878,0.13386,-0.31744,0,-24.80096,84.79042,9.14741,1
1747,R_Finger01,0.08967,-0.98461,-0.15,0,-0.33263,0.11235,-0.93634,0,0.93878,0.13386,-0.31744,0,-23.52399,79.72757,10.78892,1
1747,R_Finger1,0.26669,-0.96317,0.03423,0,0.85665,0.22062,-0.46635,0,0.44162,0.1537,0.88394,0,-27.06532,78.53323,9.80886,1
1747,R_Finger2,0.24011,-0.97022,-0.0319,0,0.85796,0.22747,-0.46062,0,0.45416,0.08323,0.88703,0,-28.50241,78.18092,8.11058,1
1747,R_Finger3,0.19805,-0.97377,-0.11199,0,0.85796,0.22747,-0.46062,0,0.47401,-0.00485,0.88051,0,-29.70021,77.94681,6.21505,1
1747,R_Finger4,0.18551,-0.97331,-0.13511,0,0.85796,0.22747,-0.46062,0,0.47906,-0.03047,0.87726,0,-30.52617,77.81129,4.11989,1
1747,R_Finger11,0.66481,-0.71766,-0.20736,0,0.6025,0.67922,-0.41911,0,0.44162,0.1537,0.88394,0,-25.76927,73.85248,9.97522,1
1747,R_Finger21,0.68468,-0.66965,-0.28772,0,0.57005,0.738,-0.36111,0,0.45416,0.08323,0.88703,0,-27.17739,72.8268,7.93454,1
1747,R_Finger31,0.67414,-0.64129,-0.36645,0,0.56644,0.76728,-0.30071,0,0.47401,-0.00485,0.88051,0,-28.74354,73.2431,5.67411,1
1747,R_Finger41,0.63825,-0.67401,-0.37195,0,0.60261,0.7381,-0.30344,0,0.47906,-0.03047,0.87726,0,-29.8688,74.36232,3.64111,1
1747,R_Foot,-0.00065,-0.99992,-0.01283,0,-0.17613,-0.01252,0.98429,0,-0.98437,0.0029,-0.17611,0,-9.10639,8.39626,2.06458,1
1747,R_Forearm,-0.07749,-0.97021,0.22954,0,-0.1288,-0.21856,-0.96729,0,0.98864,-0.10452,-0.10803,0,-26.05894,115.12965,-0.66671,1
1747,R_Hand,-0.04464,-0.99225,0.11596,0,0.88944,-0.09233,-0.44763,0,0.45486,0.08316,0.88667,0,-28.25586,87.62441,5.84061,1
1747,R_Thigh,0.02101,-0.99954,-0.02172,0,-0.03105,-0.02237,0.99927,0,-0.9993,-0.02032,-0.0315,0,-10.86161,89.48494,5.43236,1
1747,R_Toe0,-0.17599,-0.05588,0.9828,0,-0.00699,0.99843,0.05552,0,-0.98437,0.0029,-0.17611,0,-11.29349,0.47425,14.15921,1
1747,R_UpperArm,-0.12096,-0.97985,-0.15893,0,-0.08924,0.17019,-0.98136,0,0.98864,-0.10452,-0.10803,0,-22.66211,142.64596,3.79648,1
1747,Spine,0.03162,0.99949,0.00424,0,0.01244,-0.00463,0.99991,0,0.99942,-0.03157,-0.01258,0,-2.40408,101.98521,2.54768,1
1747,Spine1,-0.09768,0.99485,0.02723,0,0.036,-0.02381,0.99907,0,0.99457,0.09857,-0.03349,0,-1.91761,117.37407,2.60069,1
1747,Spine2,-0.09768,0.99485,0.02723,0,0.03601,-0.02381,0.99907,0,0.99457,0.09857,-0.0335,0,-3.42193,132.69137,3.00768,1
1748,Head,-0.01325,0.99635,0.08431,0,0.32172,-0.07558,0.94381,0,0.94674,0.03963,-0.31954,0,-5.92731,158.23961,3.97651,1
1748,L_Calf,0.1087,-0.98241,-0.15183,0,0.19854,-0.1282,0.97167,0,-0.97405,-0.13576,0.18111,0,11.69459,49.80988,6.50684,1
1748,L_Clavicle,0.99705,-0.07644,-0.00742,0,-0.00545,0.02588,-0.99965,0,0.0766,0.99674,0.02539,0,-0.97628,147.59385,2.67984,1
1748,L_Finger0,-0.27491,-0.90856,0.31455,0,0.32707,-0.39602,-0.85802,0,0.90413,-0.133,0.40603,0,22.51691,92.09523,15.50703,1
1748,L_Finger01,-0.1422,-0.98981,-0.00757,0,0.4029,-0.05089,-0.91383,0,0.90413,-0.133,0.40603,0,21.01223,87.12237,17.22869,1
1748,L_Finger1,-0.60494,-0.78689,-0.12189,0,-0.63437,0.56877,-0.52352,0,0.48128,-0.23937,-0.84325,0,25.54915,86.40727,17.28743,1
1748,L_Finger2,-0.60616,-0.77487,-0.17931,0,-0.63168,0.60602,-0.48344,0,0.48327,-0.17977,-0.85682,0,27.06188,85.94922,15.68265,1
1748,L_Finger3,-0.61585,-0.73923,-0.27252,0,-0.61578,0.6674,-0.4188,0,0.49147,-0.09011,-0.86622,0,28.32717,85.53996,13.86218,1
1748,L_Finger4,-0.606,-0.74077,-0.28987,0,-0.62419,0.66871,-0.40399,0,0.4931,-0.06388,-0.86762,0,29.21618,85.14259,11.82698,1
1748,L_Finger11,-0.69753,0.47802,-0.53381,0,0.53087,0.8451,0.06309,0,0.48128,-0.23937,-0.84325,0,22.60934,82.58321,16.69508,1
1748,L_Finger21,-0.73378,0.45064,-0.50842,0,0.47751,0.87442,0.08587,0,0.48327,-0.17977,-0.85682,0,23.71684,81.67315,14.69312,1
1748,L_Finger31,-0.73479,0.491,-0.46798,0,0.46748,0.86649,0.1751,0,0.49147,-0.09011,-0.86622,0,25.35237,81.96919,12.5458,1
1748,L_Finger41,-0.76019,0.45331,-0.46542,0,0.42304,0.88906,0.17496,0,0.4931,-0.06388,-0.86762,0,27.06878,82.51763,10.79982,1
1748,L_Foot,-0.01524,-0.9997,-0.01895,0,0.55467,-0.02422,0.83172,0,-0.83193,0.00216,0.55488,0,16.28324,8.33854,0.09768,1
1748,L_Forearm,0.18464,-0.87392,0.44963,0,0.16594,-0.4232,-0.89071,0,0.9687,0.23907,0.06688,0,20.42667,119.4977,-0.99688,1
1748,L_Hand,0.16884,-0.94118,0.2927,0,-0.85865,-0.28626,-0.42517,0,0.48395,-0.17954,-0.85648,0,25.66116,94.72216,11.74994,1
1748,L_Thigh,0.14263,-0.98945,0.02538,0,0.17575,0.05056,0.98314,0,-0.97405,-0.13576,0.18111,0,6.13505,88.37709,5.51748,1
1748,L_Toe0,0.55473,-0.02353,0.8317,0,0.01483,0.99972,0.01839,0,-0.8319,0.00213,0.55492,0,23.03671,0.27326,10.25463,1
1748,L_UpperArm,0.24593,-0.96092,-0.12709,0,0.03388,0.13956,-0.98963,0,0.9687,0.23907,0.06688,0,13.52052,146.4824,2.57196,1
1748,Neck,-0.09674,0.99382,0.05449,0,0.03716,-0.0511,0.998,0,0.99462,0.09857,-0.03198,0,-4.93087,148.00269,3.41522,1
1748,Pelvis,0.06466,0.99791,0.0004,0,-0.00578,-3e-005,0.99998,0,0.99789,-0.06466,0.00576,0,-2.36719,88.92804,5.46837,1
1748,R_Calf,0.0224,-0.99779,-0.06248,0,-0.0317,-0.06318,0.9975,0,-0.99925,-0.02036,-0.03305,0,-10.0519,50.51576,4.70213,1
1748,R_Clavicle,-0.95602,-0.28762,0.05747,0,-0.06595,0.01988,-0.99762,0,0.2858,-0.95754,-0.03798,0,-8.76717,146.82176,2.93039,1
1748,R_Finger0,0.23254,-0.92517,0.29997,0,-0.25218,-0.35523,-0.90012,0,0.93932,0.13367,-0.31591,0,-24.83208,84.78137,9.10439,1
1748,R_Finger01,0.0896,-0.98459,-0.15019,0,-0.33112,0.11277,-0.93683,0,0.93932,0.13367,-0.31591,0,-23.55932,79.71757,10.74622,1
1748,R_Finger1,0.26633,-0.96327,0.03433,0,0.85745,0.22051,-0.46492,0,0.44027,0.15326,0.88469,0,-27.09947,78.52468,9.76018,1
1748,R_Finger2,0.23985,-0.97029,-0.03184,0,0.85875,0.22735,-0.45919,0,0.45278,0.08279,0.88777,0,-28.53398,78.1734,8.05951,1
1748,R_Finger3,0.19792,-0.9738,-0.112,0,0.85875,0.22735,-0.45919,0,0.47262,-0.0053,0.88125,0,-29.72887,77.9403,6.16202,1
1748,R_Finger4,0.18542,-0.97332,-0.13514,0,0.85875,0.22735,-0.45919,0,0.47766,-0.03091,0.878,0,-30.55156,77.80574,4.06551,1
1748,R_Finger11,0.66491,-0.7178,-0.20655,0,0.60337,0.67917,-0.41793,0,0.44027,0.15326,0.88469,0,-25.80516,73.84346,9.92702,1
1748,R_Finger21,0.68492,-0.66977,-0.28686,0,0.57085,0.73794,-0.35996,0,0.45278,0.08279,0.88777,0,-27.21038,72.81892,7.88378,1
1748,R_Finger31,0.67451,-0.64138,-0.3656,0,0.56716,0.7672,-0.29955,0,0.47262,-0.0053,0.88125,0,-28.77283,73.23646,5.62102,1
1748,R_Finger41,0.63863,-0.67408,-0.37117,0,0.60332,0.73801,-0.30224,0,0.47766,-0.03091,0.878,0,-29.89453,74.35671,3.58662,1
1748,R_Foot,-0.00065,-0.99992,-0.01283,0,-0.17613,-0.01252,0.98429,0,-0.98437,0.0029,-0.17611,0,-9.10651,8.39505,2.06451,1
1748,R_Forearm,-0.07816,-0.97026,0.22909,0,-0.12734,-0.21819,-0.96756,0,0.98877,-0.1048,-0.1065,0,-26.06498,115.12425,-0.70158,1
1748,R_Hand,-0.04514,-0.99227,0.11556,0,0.89012,-0.09246,-0.44625,0,0.45349,0.08272,0.88741,0,-28.28086,87.61755,5.79309,1
1748,R_Thigh,0.02097,-0.99961,-0.0184,0,-0.03266,-0.01908,0.99928,0,-0.99925,-0.02036,-0.03305,0,-10.86944,89.47899,5.41927,1
1748,R_Toe0,-0.17599,-0.05588,0.9828,0,-0.00699,0.99843,0.05552,0,-0.98437,0.0029,-0.17611,0,-11.29361,0.47304,14.15913,1
1748,R_UpperArm,-0.12099,-0.97982,-0.15909,0,-0.08768,0.17019,-0.9815,0,0.98877,-0.1048,-0.1065,0,-22.6674,142.63977,3.766,1
1748,Spine,0.03162,0.99949,0.00429,0,0.01091,-0.00464,0.99993,0,0.99944,-0.03157,-0.01105,0,-2.40749,101.97905,2.54771,1
1748,Spine1,-0.09772,0.99485,0.02709,0,0.03448,-0.02382,0.99912,0,0.99462,0.09857,-0.03197,0,-1.92111,117.3679,2.60158,1
1748,Spine2,-0.09772,0.99485,0.02709,0,0.03449,-0.02382,0.99912,0,0.99462,0.09857,-0.03198,0,-3.42605,132.68522,3.00637,1
1749,Head,-0.01366,0.99619,0.08614,0,0.32491,-0.07705,0.9426,0,0.94565,0.04086,-0.32262,0,-5.93506,158.2333,3.97141,1
1749,L_Calf,0.10884,-0.98228,-0.15261,0,0.19711,-0.12915,0.97184,0,-0.97432,-0.13585,0.17955,0,11.68765,49.80416,6.5371,1
1749,L_Clavicle,0.99706,-0.07644,-0.00588,0,-0.00391,0.02589,-0.99966,0,0.07656,0.99674,0.02551,0,-0.98202,147.58756,2.68235,1
1749,L_Finger0,-0.27508,-0.9087,0.314,0,0.32847,-0.39578,-0.85759,0,0.90357,-0.13277,0.40735,0,22.50752,92.08711,15.54583,1
1749,L_Finger01,-0.14189,-0.98985,-0.00791,0,0.40427,-0.05065,-0.91324,0,0.90357,-0.13277,0.40735,0,21.00189,87.11349,17.26448,1
1749,L_Finger1,-0.60447,-0.78709,-0.12292,0,-0.6338,0.56863,-0.52436,0,0.48261,-0.23906,-0.84258,0,25.53902,86.39982,17.32967,1
1749,L_Finger2,-0.60561,-0.77506,-0.18034,0,-0.63119,0.60587,-0.48427,0,0.4846,-0.17945,-0.85613,0,27.05428,85.94257,15.72705,1
1749,L_Finger3,-0.61518,-0.73941,-0.27356,0,-0.6154,0.66725,-0.4196,0,0.49278,-0.08978,-0.86551,0,28.32241,85.53408,13.90838,1
1749,L_Finger4,-0.6053,-0.74094,-0.29089,0,-0.62384,0.66856,-0.4048,0,0.49441,-0.06356,-0.8669,0,29.21456,85.13739,11.87443,1
1749,L_Finger11,-0.69693,0.47783,-0.53476,0,0.53045,0.8453,0.064,0,0.48261,-0.23906,-0.84258,0,22.60147,82.57479,16.73233,1
1749,L_Finger21,-0.73321,0.45043,-0.50943,0,0.47704,0.87459,0.08671,0,0.4846,-0.17945,-0.85613,0,23.71226,81.66546,14.73184,1
1749,L_Finger31,-0.73429,0.49078,-0.46899,0,0.46688,0.86665,0.17592,0,0.49278,-0.08978,-0.86551,0,25.35086,81.96245,12.58699,1
1749,L_Finger41,-0.75968,0.45309,-0.46647,0,0.42243,0.8892,0.17573,0,0.49441,-0.06356,-0.8669,0,27.06964,82.51181,10.84364,1
1749,L_Foot,-0.01523,-0.99971,-0.01889,0,0.55465,-0.02417,0.83173,0,-0.83194,0.00218,0.55485,0,16.28211,8.33858,0.09478,1
1749,L_Forearm,0.18422,-0.87397,0.44972,0,0.16739,-0.42297,-0.89055,0,0.96853,0.23934,0.06838,0,20.43382,119.49254,-0.95548,1
1749,L_Hand,0.16872,-0.94118,0.29277,0,-0.85792,-0.28646,-0.4265,0,0.48528,-0.17922,-0.85579,0,25.65646,94.71579,11.7939,1
1749,L_Thigh,0.14272,-0.98943,0.02581,0,0.17415,0.05077,0.98341,0,-0.97432,-0.13585,0.17955,0,6.1248,88.37046,5.531,1
1749,L_Toe0,0.55473,-0.02353,0.8317,0,0.01483,0.99972,0.01839,0,-0.8319,0.00213,0.55492,0,23.03538,0.27393,10.25236,1
1749,L_UpperArm,0.24638,-0.96088,-0.1265,0,0.03543,0.13936,-0.98961,0,0.96853,0.23934,0.06838,0,13.51493,146.47617,2.59688,1
1749,Neck,-0.09682,0.99382,0.05435,0,0.03561,-0.05111,0.99806,0,0.99466,0.09857,-0.03045,0,-4.93775,147.99639,3.41162,1
1749,Pelvis,0.0647,0.9979,0.00051,0,-0.00737,-3e-005,0.99997,0,0.99788,-0.0647,0.00735,0,-2.37734,88.92171,5.46837,1
1749,R_Calf,0.02264,-0.99764,-0.06489,0,-0.03324,-0.06562,0.99729,0,-0.99919,-0.02042,-0.03465,0,-10.06231,50.50775,4.80439,1
1749,R_Clavicle,-0.9561,-0.28763,0.05599,0,-0.06441,0.01989,-0.99773,0,0.28586,-0.95754,-0.03754,0,-8.77329,146.81545,2.92085,1
1749,R_Finger0,0.23167,-0.9254,0.29993,0,-0.25085,-0.35472,-0.90069,0,0.9399,0.13343,-0.31431,0,-24.87051,84.77114,9.05737,1
1749,R_Finger01,0.08944,-0.98456,-0.15049,0,-0.32954,0.11333,-0.93732,0,0.9399,0.13343,-0.31431,0,-23.60248,79.70609,10.69899,1
1749,R_Finger1,0.26589,-0.96339,0.03433,0,0.8583,0.22037,-0.46342,0,0.43888,0.15268,0.88548,0,-27.1415,78.51508,9.70661,1
1749,R_Finger2,0.23951,-0.97037,-0.03189,0,0.8596,0.22721,-0.45767,0,0.45136,0.0822,0.88855,0,-28.57337,78.16514,8.00343,1
1749,R_Finger3,0.19771,-0.97383,-0.11211,0,0.8596,0.22721,-0.45767,0,0.47117,-0.00589,0.88202,0,-29.76523,77.93339,6.10388,1
1749,R_Finger4,0.18524,-0.97334,-0.13528,0,0.8596,0.22721,-0.45767,0,0.47621,-0.03151,0.87877,0,-30.58455,77.80011,4.00597,1
1749,R_Finger11,0.66495,-0.71798,-0.20578,0,0.60433,0.67911,-0.41664,0,0.43888,0.15268,0.88548,0,-25.84936,73.83326,9.87346,1
1749,R_Finger21,0.68512,-0.66992,-0.28604,0,0.57174,0.73787,-0.35869,0,0.45136,0.0822,0.88855,0,-27.25165,72.81021,7.82745,1
1749,R_Finger31,0.67485,-0.64149,-0.36478,0,0.56796,0.76711,-0.29828,0,0.47117,-0.00589,0.88202,0,-28.81022,73.2294,5.56232,1
1749,R_Finger41,0.63896,-0.67418,-0.37043,0,0.60412,0.7379,-0.30092,0,0.47621,-0.03151,0.87877,0,-29.92812,74.35103,3.5266,1
1749,R_Foot,-0.00065,-0.99992,-0.01283,0,-0.17613,-0.01252,0.98429,0,-0.98437,0.0029,-0.17611,0,-9.10666,8.39375,2.06502,1
1749,R_Forearm,-0.07893,-0.97033,0.22852,0,-0.12585,-0.21771,-0.96787,0,0.98891,-0.10515,-0.10493,0,-26.07501,115.11896,-0.73689,1
1749,R_Hand,-0.04573,-0.99231,0.11503,0,0.89081,-0.09262,-0.44484,0,0.45207,0.08213,0.88819,0,-28.3127,87.61023,5.7417,1
1749,R_Thigh,0.02096,-0.99966,-0.01543,0,-0.03432,-0.01614,0.99928,0,-0.99919,-0.02042,-0.03465,0,-10.87948,89.47297,5.40575,1
1749,R_Toe0,-0.17599,-0.05588,0.9828,0,-0.00699,0.99843,0.05552,0,-0.98437,0.0029,-0.17611,0,-11.29376,0.47173,14.15965,1
1749,R_UpperArm,-0.12108,-0.97979,-0.15924,0,-0.08606,0.17018,-0.98165,0,0.98891,-0.10515,-0.10493,0,-22.67481,142.63347,3.73495,1
1749,Spine,0.03161,0.99949,0.00435,0,0.00933,-0.00465,0.99995,0,0.99946,-0.03157,-0.00947,0,-2.41299,101.97275,2.54774,1
1749,Spine1,-0.09776,0.99485,0.02694,0,0.03292,-0.02382,0.99917,0,0.99467,0.09857,-0.03042,0,-1.9267,117.3616,2.60249,1
1749,Spine2,-0.09776,0.99485,0.02694,0,0.03294,-0.02382,0.99917,0,0.99466,0.09857,-0.03045,0,-3.43228,132.67894,3.00502,1
1750,Head,-0.01408,0.99602,0.08798,0,0.32823,-0.07851,0.94133,0,0.94449,0.04213,-0.32582,0,-5.94493,158.22683,3.96623,1
1750,L_Calf,0.10902,-0.98212,-0.15345,0,0.19564,-0.13015,0.972,0,-0.9746,-0.13599,0.17795,0,11.68124,49.79883,6.57421,1
1750,L_Clavicle,0.99707,-0.07644,-0.00433,0,-0.00235,0.02589,-0.99966,0,0.07652,0.99674,0.02563,0,-0.98987,147.5811,2.68484,1
1750,L_Finger0,-0.27518,-0.90886,0.31346,0,0.32991,-0.39552,-0.85716,0,0.90301,-0.13246,0.40868,0,22.49917,92.07859,15.58554,1
1750,L_Finger01,-0.14149,-0.98991,-0.00821,0,0.40564,-0.05041,-0.91264,0,0.90301,-0.13246,0.40868,0,20.993,87.10409,17.3012,1
1750,L_Finger1,-0.60391,-0.78736,-0.12395,0,-0.63329,0.56842,-0.52521,0,0.48398,-0.23868,-0.8419,0,25.53044,86.39225,17.37278,1
1750,L_Finger2,-0.60496,-0.77532,-0.18138,0,-0.63076,0.60565,-0.4851,0,0.48596,-0.17906,-0.85544,0,27.04831,85.93598,15.77235,1
1750,L_Finger3,-0.61441,-0.73966,-0.27461,0,-0.6151,0.66702,-0.4204,0,0.49412,-0.08939,-0.86478,0,28.31934,85.52841,13.9555,1
1750,L_Finger4,-0.6045,-0.74118,-0.29192,0,-0.62355,0.66832,-0.40562,0,0.49574,-0.06317,-0.86617,0,29.21473,85.13252,11.92281,1
1750,L_Finger11,-0.6964,0.47754,-0.53572,0,0.5299,0.84557,0.06491,0,0.48398,-0.23868,-0.8419,0,22.59562,82.56591,16.7704,1
1750,L_Finger21,-0.73269,0.45011,-0.51045,0,0.47645,0.87483,0.08754,0,0.48596,-0.17906,-0.85544,0,23.70985,81.65742,14.77142,1
1750,L_Finger31,-0.73386,0.49045,-0.47001,0,0.46615,0.86687,0.17674,0,0.49412,-0.08939,-0.86478,0,25.3515,81.95557,12.62904,1
1750,L_Finger41,-0.75923,0.45275,-0.46754,0,0.42169,0.8894,0.17649,0,0.49574,-0.06317,-0.86617,0,27.07262,82.50609,10.88836,1
1750,L_Foot,-0.01535,-0.9997,-0.01908,0,0.55465,-0.02439,0.83172,0,-0.83194,0.00218,0.55486,0,16.28332,8.33963,0.09647,1
1750,L_Forearm,0.18385,-0.87401,0.44978,0,0.1689,-0.42269,-0.8904,0,0.96834,0.23967,0.06991,0,20.44053,119.48742,-0.91234,1
1750,L_Hand,0.16868,-0.94117,0.29284,0,-0.85716,-0.28675,-0.42785,0,0.48665,-0.17884,-0.8551,0,25.6526,94.70939,11.83887,1
1750,L_Thigh,0.14287,-0.98939,0.02641,0,0.17247,0.05116,0.98368,0,-0.9746,-0.13599,0.17795,0,6.1123,88.36364,5.54489,1
1750,L_Toe0,0.55473,-0.02353,0.8317,0,0.01483,0.99972,0.01839,0,-0.8319,0.00213,0.55492,0,23.03568,0.27219,10.25244,1
1750,L_UpperArm,0.24689,-0.96084,-0.12585,0,0.03701,0.13913,-0.98958,0,0.96834,0.23967,0.06991,0,13.5072,146.46973,2.62193,1
1750,Neck,-0.09691,0.99382,0.0542,0,0.03406,-0.05111,0.99811,0,0.99471,0.09857,-0.0289,0,-4.94673,147.9899,3.40796,1
1750,Pelvis,0.06474,0.9979,0.00062,0,-0.009,-4e-005,0.99996,0,0.99786,-0.06474,0.00898,0,-2.3897,88.91525,5.46837,1
1750,R_Calf,0.02291,-0.99748,-0.06707,0,-0.03482,-0.06785,0.99709,0,-0.99913,-0.02051,-0.03629,0,-10.0739,50.50016,4.89668,1
1750,R_Clavicle,-0.95619,-0.28763,0.0545,0,-0.06286,0.01989,-0.99782,0,0.28592,-0.95754,-0.0371,0,-8.7815,146.809,2.91122,1
1750,R_Finger0,0.2307,-0.92569,0.29978,0,-0.2495,-0.35407,-0.90133,0,0.94049,0.13315,-0.31264,0,-24.91611,84.75954,9.00612,1
1750,R_Finger01,0.08921,-0.98451,-0.15092,0,-0.32789,0.11404,-0.93781,0,0.94049,0.13315,-0.31264,0,-23.65338,79.6929,10.64691,1
1750,R_Finger1,0.26535,-0.96354,0.03422,0,0.8592,0.22021,-0.46183,0,0.43746,0.15195,0.88631,0,-27.1913,78.50422,9.64783,1
1750,R_Finger2,0.23908,-0.97047,-0.03205,0,0.86049,0.22705,-0.45608,0,0.44989,0.08146,0.88936,0,-28.62046,78.156,7.94202,1
1750,R_Finger3,0.19742,-0.97386,-0.11235,0,0.86049,0.22705,-0.45608,0,0.46967,-0.00664,0.88282,0,-29.80922,77.92595,6.04032,1
1750,R_Finger4,0.18499,-0.97335,-0.13554,0,0.86049,0.22705,-0.45608,0,0.4747,-0.03226,0.87956,0,-30.62503,77.79431,3.94094,1
1750,R_Finger11,0.66494,-0.71819,-0.20508,0,0.60538,0.67906,-0.41521,0,0.43746,0.15195,0.88631,0,-25.90177,73.82167,9.81411,1
1750,R_Finger21,0.68527,-0.67009,-0.28528,0,0.57272,0.73779,-0.35729,0,0.44989,0.08146,0.88936,0,-27.3011,72.8005,7.76513,1
1750,R_Finger31,0.67515,-0.64161,-0.36402,0,0.56884,0.767,-0.29686,0,0.46967,-0.00664,0.88282,0,-28.85562,73.22181,5.49761,1
1750,R_Finger41,0.63925,-0.67428,-0.36974,0,0.60499,0.73777,-0.29946,0,0.4747,-0.03226,0.87956,0,-29.96951,74.34518,3.46065,1
1750,R_Foot,-0.00065,-0.99992,-0.01283,0,-0.17613,-0.01252,0.98429,0,-0.98437,0.0029,-0.17611,0,-9.10678,8.39251,2.0652,1
1750,R_Forearm,-0.0798,-0.97043,0.22782,0,-0.12431,-0.21707,-0.96821,0,0.98903,-0.10558,-0.10331,0,-26.08898,115.1137,-0.7723,1
1750,R_Hand,-0.04642,-0.99235,0.11437,0,0.89152,-0.0928,-0.44338,0,0.4506,0.08138,0.88901,0,-28.35128,87.60228,5.68629,1
1750,R_Thigh,0.02098,-0.9997,-0.0127,0,-0.03601,-0.01345,0.99926,0,-0.99913,-0.02051,-0.03629,0,-10.8917,89.46685,5.39186,1
1750,R_Toe0,-0.17599,-0.05588,0.9828,0,-0.00699,0.99843,0.05552,0,-0.98437,0.0029,-0.17611,0,-11.29389,0.4705,14.15983,1
1750,R_UpperArm,-0.12124,-0.97974,-0.15939,0,-0.08439,0.17017,-0.9818,0,0.98903,-0.10558,-0.10331,0,-22.68426,142.62696,3.70368,1
1750,Spine,0.0316,0.99949,0.00441,0,0.00772,-0.00466,0.99996,0,0.99947,-0.03157,-0.00787,0,-2.42059,101.9663,2.54778,1
1750,Spine1,-0.0978,0.99484,0.02679,0,0.03134,-0.02383,0.99922,0,0.99471,0.09857,-0.02885,0,-1.93439,117.35515,2.60343,1
1750,Spine2,-0.0978,0.99485,0.02679,0,0.03139,-0.02382,0.99922,0,0.99471,0.09857,-0.0289,0,-3.44061,132.67246,3.00366,1
1751,Head,-0.01446,0.99585,0.08981,0,0.33117,-0.07998,0.94017,0,0.94346,0.04334,-0.32864,0,-5.95689,158.22025,3.96102,1
1751,L_Calf,0.10922,-0.98197,-0.15431,0,0.19414,-0.13117,0.97216,0,-0.97487,-0.13614,0.17631,0,11.67308,49.79338,6.6106,1
1751,L_Clavicle,0.99707,-0.07643,-0.00279,0,-0.00081,0.02589,-0.99966,0,0.07648,0.99674,0.02575,0,-0.99984,147.57453,2.68728,1
1751,L_Finger0,-0.27519,-0.90903,0.31294,0,0.33139,-0.39525,-0.85671,0,0.90247,-0.13205,0.41002,0,22.49199,92.06988,15.62596,1
1751,L_Finger01,-0.14102,-0.98997,-0.00845,0,0.40702,-0.05019,-0.91204,0,0.90247,-0.13205,0.41002,0,20.98577,87.09443,17.33878,1
1751,L_Finger1,-0.60323,-0.78772,-0.12497,0,-0.63287,0.56811,-0.52606,0,0.48538,-0.23824,-0.84122,0,25.52365,86.38482,17.41663,1
1751,L_Finger2,-0.60421,-0.77567,-0.1824,0,-0.63041,0.60534,-0.48595,0,0.48735,-0.17863,-0.85474,0,27.04419,85.9297,15.81839,1
1751,L_Finger3,-0.61353,-0.74,-0.27564,0,-0.61488,0.6667,-0.42122,0,0.49548,-0.08895,-0.86405,0,28.31819,85.52319,14.00339,1
1751,L_Finger4,-0.6036,-0.74152,-0.29295,0,-0.62336,0.668,-0.40645,0,0.49708,-0.06272,-0.86544,0,29.21685,85.1282,11.97198,1
1751,L_Finger11,-0.69595,0.47711,-0.53668,0,0.52921,0.84594,0.06578,0,0.48538,-0.23824,-0.84122,0,22.59213,82.55674,16.80928,1
1751,L_Finger21,-0.73226,0.44965,-0.51148,0,0.4757,0.87516,0.08834,0,0.48735,-0.17863,-0.85474,0,23.7099,81.64922,14.81181,1
1751,L_Finger31,-0.7335,0.48999,-0.47105,0,0.46527,0.86718,0.17753,0,0.49548,-0.08895,-0.86405,0,25.35458,81.94869,12.67192,1
1751,L_Finger41,-0.75884,0.45226,-0.46863,0,0.42079,0.88968,0.17721,0,0.49708,-0.06272,-0.86544,0,27.07795,82.50058,10.93389,1
1751,L_Foot,-0.01536,-0.9997,-0.01906,0,0.55463,-0.02437,0.83174,0,-0.83196,0.0022,0.55484,0,16.2838,8.34081,0.09663,1
1751,L_Forearm,0.18352,-0.87406,0.44982,0,0.17044,-0.42237,-0.89025,0,0.96813,0.24005,0.07146,0,20.44676,119.48249,-0.86782,1
1751,L_Hand,0.16875,-0.94113,0.2929,0,-0.85636,-0.28713,-0.4292,0,0.48803,-0.1784,-0.8544,0,25.64964,94.70316,11.8846,1
1751,L_Thigh,0.14304,-0.98935,0.02698,0,0.17076,0.05152,0.98396,0,-0.97487,-0.13614,0.17631,0,6.09757,88.35664,5.55909,1
1751,L_Toe0,0.55473,-0.02353,0.8317,0,0.01483,0.99972,0.01839,0,-0.8319,0.00213,0.55492,0,23.03577,0.27361,10.25304,1
1751,L_UpperArm,0.24747,-0.96078,-0.12515,0,0.03861,0.13885,-0.98956,0,0.96813,0.24005,0.07146,0,13.49732,146.4632,2.64676,1
1751,Neck,-0.09699,0.99382,0.05405,0,0.03252,-0.05111,0.99816,0,0.99475,0.09857,-0.02736,0,-4.95781,147.98334,3.40429,1
1751,Pelvis,0.06478,0.9979,0.00074,0,-0.01067,-5e-005,0.99994,0,0.99784,-0.06479,0.01064,0,-2.40426,88.90867,5.46838,1
1751,R_Calf,0.02321,-0.99734,-0.06905,0,-0.03644,-0.06987,0.99689,0,-0.99907,-0.02062,-0.03796,0,-10.08671,50.49292,4.98055,1
1751,R_Clavicle,-0.95627,-0.28763,0.05303,0,-0.06132,0.01989,-0.99792,0,0.28598,-0.95754,-0.03666,0,-8.79181,146.80241,2.90162,1
1751,R_Finger0,0.22964,-0.92605,0.29949,0,-0.24813,-0.35325,-0.90202,0,0.94112,0.13283,-0.3109,0,-24.96881,84.74646,8.95065,1
1751,R_Finger01,0.0889,-0.98445,-0.15149,0,-0.32619,0.11493,-0.93829,0,0.94112,0.13283,-0.3109,0,-23.71191,79.67786,10.58989,1
1751,R_Finger1,0.26473,-0.96372,0.03396,0,0.86013,0.22005,-0.46017,0,0.436,0.15103,0.88718,0,-27.24878,78.492,9.58375,1
1751,R_Finger2,0.23857,-0.97059,-0.03236,0,0.86141,0.22688,-0.45441,0,0.44839,0.08054,0.8902,0,-28.67515,78.14588,7.8752,1
1751,R_Finger3,0.19704,-0.97389,-0.11273,0,0.86141,0.22688,-0.45441,0,0.46813,-0.00757,0.88363,0,-29.86073,77.91794,5.97125,1
