0,Head,0.067,0.93828,-0.33931,0,0.06049,-0.34327,-0.93729,0,-0.99592,0.04227,-0.07976,0,-31.36821,130.88681,12.35465,1
0,L_Calf,0.27399,-0.7963,0.5393,0,-0.44564,-0.60204,-0.66253,0,0.85225,-0.05881,-0.51981,0,-51.93841,43.97564,-10.83551,1
0,L_Clavicle,-0.94386,0.28981,0.15857,0,0.10503,-0.19182,0.97579,0,0.31322,0.93766,0.15062,0,-35.61166,119.96127,14.82438,1
0,L_Finger0,0.94241,-0.16167,0.2928,0,0.32111,0.19242,-0.92729,0,0.09357,0.9679,0.23325,0,-49.73594,123.70881,-5.89413,1
0,L_Finger01,0.94241,-0.16167,0.2928,0,0.32111,0.19242,-0.92729,0,0.09357,0.9679,0.23325,0,-45.89036,123.04909,-4.69933,1
0,L_Finger1,0.99214,-0.12319,-0.02216,0,-0.12272,-0.92256,-0.36583,0,0.02462,0.36567,-0.93042,0,-45.3829,126.74838,-5.72014,1
0,L_Finger2,0.99728,0.00028,-0.07365,0,-0.02648,-0.93178,-0.36205,0,-0.06873,0.36301,-0.92925,0,-45.52586,127.59955,-7.14631,1
0,L_Finger3,0.98948,0.00155,-0.14466,0,-0.05118,-0.9315,-0.36011,0,-0.13531,0.36373,-0.92163,0,-45.79659,128.23739,-8.5636,1
0,L_Finger4,0.98607,0.04324,-0.16058,0,-0.01883,-0.93035,-0.36619,0,-0.16523,0.36411,-0.91658,0,-45.8519,128.59518,-9.95951,1
0,L_Finger11,0.99214,-0.12319,-0.02216,0,-0.12272,-0.92256,-0.36583,0,0.02462,0.36567,-0.93042,0,-41.85112,126.30985,-5.79902,1
0,L_Finger21,0.99728,0.00028,-0.07365,0,-0.02648,-0.93178,-0.36205,0,-0.06873,0.36301,-0.92925,0,-41.71546,127.60063,-7.42771,1
0,L_Finger31,0.98948,0.00155,-0.14466,0,-0.05118,-0.9315,-0.36011,0,-0.13531,0.36373,-0.92163,0,-42.11168,128.24317,-9.10235,1
0,L_Finger41,0.98607,0.04324,-0.16058,0,-0.01883,-0.93035,-0.36619,0,-0.16523,0.36411,-0.91658,0,-42.42123,128.74564,-10.5182,1
0,L_Foot,0.22982,-0.96513,-0.12536,0,-0.73865,-0.0891,-0.66817,0,0.6337,0.24616,-0.73337,0,-39.1526,6.81583,14.33142,1
0,L_Forearm,0.59779,-0.35097,-0.72074,0,-0.6533,0.30776,-0.69172,0,0.46459,0.88437,-0.04532,0,-67.46203,134.15164,9.83202,1
0,L_Hand,0.96104,0.27404,0.03598,0,0.26766,-0.89028,-0.36845,0,-0.06894,0.36372,-0.92895,0,-52.52444,125.38152,-8.17795,1
0,L_Thigh,-0.4038,-0.70568,-0.58221,0,-0.33258,0.70609,-0.62516,0,0.85225,-0.05881,-0.51981,0,-37.33997,69.48778,10.2128,1
0,L_Toe0,-0.52843,0.62795,-0.57135,0,0.25444,0.75919,0.59908,0,0.80995,0.1712,-0.56095,0,-46.0319,-0.15496,6.04733,1
0,L_UpperArm,-0.85941,0.43796,-0.26384,0,-0.21348,0.16152,0.9635,0,0.46459,0.88437,-0.04532,0,-45.68683,123.05488,16.51698,1
0,Neck,0.04029,0.98307,-0.17872,0,0.02704,-0.17988,-0.98332,0,-0.99882,0.03478,-0.03383,0,-31.77037,121.07292,14.13883,1
0,Pelvis,-0.07192,0.99533,-0.06433,0,0.00392,-0.06421,-0.99793,0,-0.9974,-0.07202,0.00072,0,-28.84189,70.10143,10.20671,1
0,R_Calf,-0.26312,-0.80464,0.53228,0,0.42655,-0.59189,-0.6839,0,0.86534,0.04709,0.49896,0,-6.62036,44.98737,-11.17147,1
0,R_Clavicle,0.95889,0.28155,0.03562,0,0.02108,-0.19585,0.98041,0,0.28301,-0.93935,-0.19373,0,-27.7953,120.32236,14.46246,1
0,R_Finger0,-0.77697,-0.15495,0.61017,0,-0.59096,-0.15455,-0.79176,0,0.21698,-0.97576,0.02851,0,-12.61211,124.14527,-9.07924,1
0,R_Finger01,-0.77697,-0.15495,0.61017,0,-0.59096,-0.15455,-0.79176,0,0.21698,-0.97576,0.02851,0,-15.78262,123.51298,-6.58937,1
0,R_Finger1,-0.91645,-0.22651,0.32986,0,0.19969,-0.97326,-0.11353,0,0.34675,-0.03818,0.93718,0,-17.26918,126.60412,-8.3836,1
0,R_Finger2,-0.95966,-0.12778,0.25043,0,0.11184,-0.99074,-0.07692,0,0.25794,-0.04581,0.96507,0,-17.688,126.95465,-9.9586,1
0,R_Finger3,-0.97173,-0.14888,0.18325,0,0.13559,-0.98727,-0.0831,0,0.19329,-0.0559,0.97955,0,-17.94176,127.12092,-11.50676,1
0,R_Finger4,-0.98107,-0.11453,0.15612,0,0.10324,-0.99154,-0.07864,0,0.16381,-0.06103,0.9846,0,-18.33726,127.00849,-12.88899,1
0,R_Finger11,-0.91645,-0.22651,0.32986,0,0.19969,-0.97326,-0.11353,0,0.34675,-0.03818,0.93718,0,-20.53155,125.79779,-7.20938,1
0,R_Finger21,-0.95966,-0.12778,0.25043,0,0.11184,-0.99074,-0.07692,0,0.25794,-0.04581,0.96507,0,-21.35466,126.46643,-9.00175,1
0,R_Finger31,-0.97173,-0.14888,0.18325,0,0.13559,-0.98727,-0.0831,0,0.19329,-0.0559,0.97955,0,-21.56057,126.56648,-10.82434,1
0,R_Finger41,-0.98107,-0.11453,0.15612,0,0.10324,-0.99154,-0.07864,0,0.16381,-0.06103,0.9846,0,-21.75053,126.61003,-12.34583,1
0,R_Foot,-0.17676,-0.98125,-0.07684,0,0.80175,-0.09826,-0.58953,0,0.57093,-0.16581,0.80408,0,-18.89928,7.43819,13.66782,1
0,R_Forearm,-0.59201,-0.32854,-0.73593,0,0.67354,0.29976,-0.67564,0,0.44258,-0.89566,0.04382,0,3.86086,133.47423,5.88754,1
0,R_Hand,-0.95017,0.16896,0.26198,0,-0.17526,-0.98452,-0.00071,0,0.25781,-0.04659,0.96507,0,-10.93229,125.26469,-12.5019,1
0,R_Thigh,0.3796,-0.71164,-0.59116,0,0.32724,0.70096,-0.63369,0,0.86534,0.04709,0.49896,0,-20.3438,70.7151,10.20061,1
0,R_Toe0,0.80226,-0.13932,-0.58048,0,0.20846,0.97656,0.05372,0,0.55939,-0.1641,0.8125,0,-10.98275,0.26481,6.56755,1
0,R_UpperArm,0.84541,0.40045,-0.35344,0,0.29901,0.19347,0.93443,0,0.44258,-0.89566,0.04382,0,-17.55969,123.32773,14.84271,1
0,Spine,-0.07192,0.99528,-0.06512,0,0.00398,-0.065,-0.99788,0,-0.9974,-0.07202,0.00071,0,-29.64524,81.24174,11.74105,1
0,Spine1,-0.05054,0.99765,0.04619,0,-0.03153,0.04463,-0.99851,0,-0.99822,-0.05192,0.0292,0,-30.60848,94.57642,10.87919,1
0,Spine2,-0.03621,0.97999,0.19573,0,-0.0543,0.19364,-0.97957,0,-0.99787,-0.0461,0.0462,0,-31.28499,107.94126,11.50852,1
1,Head,0.0667,0.93991,-0.33485,0,0.05685,-0.33863,-0.9392,0,-0.99615,0.04361,-0.07602,0,-31.3701,131.05774,12.44632,1
1,L_Calf,0.27177,-0.79769,0.53837,0,-0.44642,-0.60009,-0.66378,0,0.85255,-0.05994,-0.51919,0,-51.89958,44.134,-10.82273,1
1,L_Clavicle,-0.94443,0.28766,0.15906,0,0.10544,-0.19323,0.97547,0,0.31134,0.93804,0.15216,0,-35.60028,120.11582,14.87472,1
1,L_Finger0,0.94185,-0.16358,0.29353,0,0.3221,0.19056,-0.92733,0,0.09576,0.96795,0.23217,0,-49.74107,123.87058,-5.83244,1
1,L_Finger01,0.94185,-0.16358,0.29353,0,0.3221,0.19056,-0.92733,0,0.09576,0.96795,0.23217,0,-45.89774,123.20308,-4.63467,1
1,L_Finger1,0.99185,-0.12559,-0.02145,0,-0.12472,-0.92269,-0.36481,0,0.02602,0.36451,-0.93083,0,-45.38087,126.89993,-5.65955,1
1,L_Finger2,0.99732,-0.00219,-0.07308,0,-0.0285,-0.93214,-0.36097,0,-0.06733,0.36208,-0.92971,0,-45.52099,127.74976,-7.08681,1
1,L_Finger3,0.98956,-0.00098,-0.1441,0,-0.05321,-0.9318,-0.35904,0,-0.13392,0.36296,-0.92213,0,-45.78939,128.38657,-8.50501,1
1,L_Finger4,0.98627,0.0407,-0.16007,0,-0.02085,-0.93073,-0.3651,0,-0.16384,0.36343,-0.9171,0,-45.84304,128.74285,-9.90136,1
1,L_Finger11,0.99185,-0.12559,-0.02145,0,-0.12472,-0.92269,-0.36481,0,0.02602,0.36451,-0.93083,0,-41.85012,126.45284,-5.73591,1
1,L_Finger21,0.99732,-0.00219,-0.07308,0,-0.0285,-0.93214,-0.36097,0,-0.06733,0.36208,-0.92971,0,-41.71044,127.74139,-7.36605,1
1,L_Finger31,0.98956,-0.00098,-0.1441,0,-0.05321,-0.9318,-0.35904,0,-0.13392,0.36296,-0.92213,0,-42.10416,128.38291,-9.04166,1
1,L_Finger41,0.98627,0.0407,-0.16007,0,-0.02085,-0.93073,-0.3651,0,-0.16384,0.36343,-0.9171,0,-42.41171,128.88445,-10.45827,1
1,L_Foot,0.23692,-0.96398,-0.12088,0,-0.73759,-0.09749,-0.66817,0,0.63232,0.24747,-0.73412,0,-39.21719,6.90931,14.30059,1
1,L_Forearm,0.59758,-0.35005,-0.72136,0,-0.65343,0.30878,-0.69114,0,0.46468,0.88437,-0.04422,0,-67.45659,134.29441,9.90567,1
1,L_Hand,0.96168,0.27178,0.0362,0,0.26573,-0.89136,-0.36725,0,-0.06755,0.36279,-0.92942,0,-52.52426,125.54726,-8.11981,1
1,L_Thigh,-0.40389,-0.70604,-0.5817,0,-0.3317,0.70563,-0.62615,0,0.85255,-0.05994,-0.51919,0,-37.29792,69.65932,10.20735,1
1,L_Toe0,-0.52878,0.62655,-0.57256,0,0.25291,0.76026,0.59837,0,0.8102,0.1716,-0.56047,0,-46.04063,-0.14869,6.04418,1
1,L_UpperArm,-0.8594,0.4384,-0.26313,0,-0.21332,0.16027,0.96375,0,0.46468,0.88437,-0.04422,0,-45.68161,123.18641,16.57263,1
1,Neck,0.03918,0.98383,-0.17476,0,0.02546,-0.17582,-0.98409,0,-0.99891,0.03411,-0.03194,0,-31.76122,121.23628,14.19094,1
1,Pelvis,-0.07174,0.99542,-0.06325,0,0.00395,-0.06313,-0.998,0,-0.99742,-0.07185,0.0006,0,-28.79972,70.27148,10.20227,1
1,R_Calf,-0.26266,-0.8055,0.5312,0,0.42641,-0.59076,-0.68497,0,0.86555,0.0466,0.49864,0,-6.61671,45.11364,-11.14875,1
1,R_Clavicle,0.95832,0.28341,0.03607,0,0.0215,-0.19743,0.98008,0,0.28489,-0.93846,-0.1953,0,-27.78466,120.49318,14.51325,1
1,R_Finger0,-0.77948,-0.15818,0.60613,0,-0.58645,-0.15588,-0.79485,0,0.22021,-0.97503,0.02874,0,-12.59704,124.43391,-9.0462,1
1,R_Finger01,-0.77948,-0.15818,0.60613,0,-0.58645,-0.15588,-0.79485,0,0.22021,-0.97503,0.02874,0,-15.77779,123.78845,-6.57282,1
1,R_Finger1,-0.91731,-0.22997,0.32505,0,0.20362,-0.97246,-0.11339,0,0.34218,-0.03782,0.93887,0,-17.266,126.87606,-8.37175,1
1,R_Finger2,-0.96046,-0.13131,0.2455,0,0.11565,-0.99028,-0.07723,0,0.25326,-0.04579,0.96631,0,-17.67813,127.22655,-9.94853,1
1,R_Finger3,-0.97211,-0.1524,0.17824,0,0.13942,-0.98672,-0.08329,0,0.18856,-0.05612,0.98046,0,-17.9247,127.39335,-11.49779,1
1,R_Finger4,-0.98144,-0.11806,0.1511,0,0.10706,-0.99111,-0.07899,0,0.15908,-0.06135,0.98536,0,-18.31288,127.28079,-12.88209,1
1,R_Finger11,-0.91731,-0.22997,0.32505,0,0.20362,-0.97246,-0.11339,0,0.34218,-0.03782,0.93887,0,-20.53141,126.05742,-7.21463,1
1,R_Finger21,-0.96046,-0.13131,0.2455,0,0.11565,-0.99028,-0.07723,0,0.25326,-0.04579,0.96631,0,-21.34784,126.72485,-9.01051,1
1,R_Finger31,-0.97211,-0.1524,0.17824,0,0.13942,-0.98672,-0.08329,0,0.18856,-0.05612,0.98046,0,-21.54495,126.82581,-10.83402,1
1,R_Finger41,-0.98144,-0.11806,0.1511,0,0.10706,-0.99111,-0.07899,0,0.15908,-0.06135,0.98536,0,-21.72743,126.87006,-12.35641,1
1,R_Foot,-0.18017,-0.98087,-0.07367,0,0.80141,-0.10296,-0.58919,0,0.57033,-0.16519,0.80463,0,-18.87382,7.52415,13.64027,1
1,R_Forearm,-0.58988,-0.32799,-0.73788,0,0.67353,0.3042,-0.67366,0,0.44542,-0.89436,0.04148,0,3.83595,133.75816,5.97878,1
1,R_Hand,-0.95205,0.16545,0.25736,0,-0.17186,-0.98512,-0.00246,0,0.25312,-0.04657,0.96631,0,-10.90396,125.5622,-12.4594,1
1,R_Thigh,0.37853,-0.71281,-0.59044,0,0.32792,0.69981,-0.63461,0,0.86555,0.0466,0.49864,0,-20.30153,70.88362,10.19718,1
1,R_Toe0,0.80178,-0.14433,-0.57993,0,0.21212,0.97594,0.05037,0,0.55871,-0.1634,0.81311,0,-10.98221,0.30025,6.56351,1
1,R_UpperArm,0.84425,0.40413,-0.35203,0,0.29808,0.19182,0.93507,0,0.44542,-0.89436,0.04148,0,-17.55509,123.51845,14.8983,1
1,Spine,-0.07161,0.99538,-0.064,0,0.00379,-0.06389,-0.99795,0,-0.99743,-0.0717,0.0008,0,-29.6007,81.41029,11.7487,1
1,Spine1,-0.05153,0.99758,0.04676,0,-0.0317,0.04517,-0.99848,0,-0.99817,-0.05293,0.02929,0,-30.5598,94.74622,10.90187,1
1,Spine2,-0.03817,0.97959,0.19736,0,-0.05471,0.19516,-0.97924,0,-0.99777,-0.04818,0.04614,0,-31.24959,108.11002,11.53886,1
2,Head,0.06554,0.94174,-0.32988,0,0.05191,-0.33336,-0.94137,0,-0.9965,0.04457,-0.07073,0,-31.3639,131.22758,12.55589,1
2,L_Calf,0.26856,-0.79906,0.53794,0,-0.44669,-0.59809,-0.6654,0,0.85343,-0.0616,-0.51755,0,-51.81921,44.27886,-10.80754,1
2,L_Clavicle,-0.94506,0.28521,0.15973,0,0.10601,-0.19483,0.97509,0,0.30923,0.93845,0.15389,0,-35.57245,120.26735,14.9395,1
2,L_Finger0,0.94131,-0.16552,0.29419,0,0.32305,0.18899,-0.92732,0,0.09789,0.96793,0.23137,0,-49.72743,124.03096,-5.75426,1
2,L_Finger01,0.94131,-0.16552,0.29419,0,0.32305,0.18899,-0.92732,0,0.09789,0.96793,0.23137,0,-45.88633,123.35555,-4.5538,1
2,L_Finger1,0.99157,-0.12793,-0.0208,0,-0.12668,-0.92272,-0.36407,0,0.02738,0.36363,-0.93114,0,-45.36026,127.05028,-5.58165,1
2,L_Finger2,0.99736,-0.00459,-0.07254,0,-0.03048,-0.93239,-0.36016,0,-0.06598,0.36142,-0.93007,0,-45.49761,127.89917,-7.00973,1
2,L_Finger3,0.98964,-0.00342,-0.14356,0,-0.05519,-0.93199,-0.35825,0,-0.13257,0.36246,-0.92252,0,-45.76374,128.53536,-8.42863,1
2,L_Finger4,0.98644,0.03825,-0.15957,0,-0.02283,-0.931,-0.3643,0,-0.16249,0.363,-0.91751,0,-45.81581,128.89053,-9.82533,1
2,L_Finger11,0.99157,-0.12793,-0.0208,0,-0.12668,-0.92272,-0.36407,0,0.02738,0.36363,-0.93114,0,-41.83051,126.59488,-5.65568,1
2,L_Finger21,0.99736,-0.00459,-0.07254,0,-0.03048,-0.93239,-0.36016,0,-0.06598,0.36142,-0.93007,0,-41.68694,127.88165,-7.28687,1
2,L_Finger31,0.98964,-0.00342,-0.14356,0,-0.05519,-0.93199,-0.35825,0,-0.13257,0.36246,-0.92252,0,-42.07824,128.52263,-8.96326,1
2,L_Finger41,0.98644,0.03825,-0.15957,0,-0.02283,-0.931,-0.3643,0,-0.16249,0.363,-0.91751,0,-42.38386,129.02362,-10.38048,1
2,L_Foot,0.24339,-0.96291,-0.11649,0,-0.73504,-0.10475,-0.66988,0,0.63283,0.24867,-0.73327,0,-39.28674,6.99013,14.29607,1
2,L_Forearm,0.59748,-0.34893,-0.72198,0,-0.65349,0.30991,-0.69058,0,0.46472,0.88442,-0.04286,0,-67.43539,134.43125,9.99641,1
2,L_Hand,0.96229,0.26957,0.03649,0,0.26385,-0.8923,-0.36632,0,-0.06619,0.36213,-0.92977,0,-52.50545,125.71213,-8.04463,1
2,L_Thigh,-0.40344,-0.70676,-0.58115,0,-0.32999,0.70477,-0.62802,0,0.85343,-0.0616,-0.51755,0,-37.2339,69.8301,10.2024,1
2,L_Toe0,-0.52985,0.62232,-0.57617,0,0.24832,0.76344,0.59624,0,0.81092,0.17284,-0.55904,0,-46.04155,-0.1428,6.04762,1
2,L_UpperArm,-0.8594,0.43885,-0.26239,0,-0.21325,0.15877,0.96401,0,0.46472,0.88442,-0.04286,0,-45.66049,123.31181,16.64458,1
2,Neck,0.03728,0.98466,-0.17044,0,0.02304,-0.17136,-0.98494,0,-0.99904,0.03279,-0.02907,0,-31.73603,121.39782,14.25732,1
2,Pelvis,-0.07161,0.99551,-0.06189,0,0.00393,-0.06176,-0.99808,0,-0.99742,-0.07172,0.00051,0,-28.73563,70.44116,10.19805,1
2,R_Calf,-0.26197,-0.80638,0.53022,0,0.42551,-0.58963,-0.6865,0,0.86621,0.04577,0.49759,0,-6.63067,45.21082,-11.11583,1
2,R_Clavicle,0.95768,0.28552,0.03648,0,0.02208,-0.19923,0.9797,0,0.28699,-0.93744,-0.19711,0,-27.75776,120.66316,14.57769,1
2,R_Finger0,-0.78185,-0.16146,0.6022,0,-0.5821,-0.15695,-0.79783,0,0.22333,-0.97432,0.02873,0,-12.5657,124.72765,-8.99562,1
2,R_Finger01,-0.78185,-0.16146,0.6022,0,-0.5821,-0.15695,-0.79783,0,0.22333,-0.97432,0.02873,0,-15.75612,124.06881,-6.53828,1
2,R_Finger1,-0.91808,-0.2334,0.32039,0,0.20741,-0.97165,-0.11348,0,0.33779,-0.03773,0.94047,0,-17.246,127.15344,-8.34096,1
2,R_Finger2,-0.96119,-0.1348,0.24074,0,0.11933,-0.9898,-0.07776,0,0.24876,-0.04602,0.96747,0,-17.65172,127.50431,-9.91931,1
2,R_Finger3,-0.97244,-0.15585,0.17339,0,0.14312,-0.98616,-0.08371,0,0.18404,-0.05658,0.98129,0,-17.89139,127.67201,-11.46956,1
2,R_Finger4,-0.98176,-0.1215,0.14624,0,0.11075,-0.99066,-0.07957,0,0.15454,-0.06192,0.98604,0,-18.27254,127.55971,-12.85583,1
2,R_Finger11,-0.91808,-0.2334,0.32039,0,0.20741,-0.97165,-0.11348,0,0.33779,-0.03773,0.94047,0,-20.51417,126.32261,-7.20045,1
2,R_Finger21,-0.96118,-0.1348,0.24074,0,0.11933,-0.9898,-0.07776,0,0.24876,-0.04602,0.96747,0,-21.32419,126.98928,-8.99951,1
2,R_Finger31,-0.97244,-0.15585,0.17339,0,0.14312,-0.98616,-0.08371,0,0.18404,-0.05658,0.98129,0,-21.51287,127.09163,-10.82383,1
2,R_Finger41,-0.98176,-0.1215,0.14624,0,0.11075,-0.99066,-0.07957,0,0.15454,-0.06192,0.98604,0,-21.68818,127.13698,-12.34703,1
2,R_Foot,-0.18198,-0.98071,-0.07136,0,0.80091,-0.10573,-0.58938,0,0.57047,-0.16441,0.8047,0,-18.85566,7.58063,13.62729,1
2,R_Forearm,-0.58778,-0.32733,-0.73984,0,0.6735,0.30868,-0.67165,0,0.44822,-0.89307,0.03902,0,3.82756,134.04467,6.08789,1
2,R_Hand,-0.95382,0.16198,0.25296,0,-0.16855,-0.98568,-0.00437,0,0.24863,-0.0468,0.96747,0,-10.86002,125.86542,-12.3994,1
2,R_Thigh,0.37637,-0.71478,-0.58943,0,0.32869,0.69784,-0.63638,0,0.86621,0.04577,0.49759,0,-20.23735,71.0522,10.19371,1
2,R_Toe0,0.8012,-0.14809,-0.57979,0,0.21468,0.97553,0.0475,0,0.55857,-0.16253,0.81338,0,-10.98091,0.32661,6.56257,1
2,R_UpperArm,0.84312,0.40784,-0.35044,0,0.29705,0.18997,0.93577,0,0.44822,-0.89307,0.03902,0,-17.53504,123.71095,14.96706,1
2,Spine,-0.07134,0.99549,-0.06259,0,0.00354,-0.0625,-0.99804,0,-0.99745,-0.07143,0.00093,0,-29.53466,81.57798,11.75971,1
2,Spine1,-0.05264,0.99748,0.04763,0,-0.03198,0.04599,-0.99843,0,-0.9981,-0.05408,0.02948,0,-30.49021,94.91536,10.93172,1
2,Spine2,-0.04037,0.97912,0.19921,0,-0.05529,0.19688,-0.97887,0,-0.99765,-0.05053,0.04619,0,-31.19495,108.2778,11.58038,1
3,Head,0.06421,0.94353,-0.325,0,0.04662,-0.32816,-0.94347,0,-0.99685,0.04543,-0.06505,0,-31.3657,131.39732,12.6541,1
3,L_Calf,0.26473,-0.80031,0.53798,0,-0.44622,-0.59623,-0.66738,0,0.85487,-0.06339,-0.51495,0,-51.71328,44.40517,-10.78998,1
3,L_Clavicle,-0.94573,0.28264,0.16036,0,0.10664,-0.1962,0.97475,0,0.30697,0.93895,0.15541,0,-35.54943,120.41875,14.995,1
3,L_Finger0,0.94048,-0.16759,0.29564,0,0.32473,0.18669,-0.9272,0,0.1002,0.96802,0.23,0,-49.68828,124.1726,-5.68678,1
3,L_Finger01,0.94048,-0.16759,0.29564,0,0.32473,0.18669,-0.9272,0,0.1002,0.96802,0.23,0,-45.85053,123.48872,-4.48039,1
3,L_Finger1,0.99124,-0.13062,-0.01934,0,-0.1287,-0.92294,-0.3628,0,0.02954,0.36211,-0.93167,0,-45.31324,127.18043,-5.51328,1
3,L_Finger2,0.99743,-0.00738,-0.07126,0,-0.03253,-0.93286,-0.35876,0,-0.06383,0.36016,-0.93071,0,-45.44649,128.02748,-6.94284,1
3,L_Finger3,0.9898,-0.0063,-0.1423,0,-0.05724,-0.93239,-0.35688,0,-0.13043,0.36139,-0.92325,0,-45.70912,128.66219,-8.36306,1
3,L_Finger4,0.98675,0.03536,-0.15837,0,-0.02487,-0.9315,-0.36289,0,-0.16036,0.36201,-0.91828,0,-45.75846,129.01532,-9.76037,1
3,L_Finger11,0.99124,-0.13062,-0.01934,0,-0.1287,-0.92294,-0.3628,0,0.02954,0.36211,-0.93167,0,-41.78463,126.71545,-5.58211,1
3,L_Finger21,0.99743,-0.00738,-0.07126,0,-0.03253,-0.93286,-0.35876,0,-0.06383,0.36016,-0.93071,0,-41.63553,127.9993,-7.21512,1
3,L_Finger31,0.9898,-0.0063,-0.1423,0,-0.05724,-0.93239,-0.35688,0,-0.13043,0.36139,-0.92325,0,-42.023,128.63873,-8.89298,1
3,L_Finger41,0.98675,0.03536,-0.15837,0,-0.02487,-0.9315,-0.36289,0,-0.16036,0.36201,-0.91828,0,-42.32546,129.13832,-10.31137,1
3,L_Foot,0.24915,-0.96194,-0.11222,0,-0.73118,-0.11086,-0.67311,0,0.63506,0.24976,-0.73098,0,-39.35949,7.0581,14.3155,1
3,L_Forearm,0.59843,-0.34831,-0.7215,0,-0.6526,0.31047,-0.69117,0,0.46475,0.88447,-0.04151,0,-67.41248,134.56125,10.04567,1
3,L_Hand,0.96296,0.26704,0.03729,0,0.26192,-0.89357,-0.3646,0,-0.06404,0.36087,-0.93042,0,-52.45887,125.85767,-7.98327,1
3,L_Thigh,-0.40219,-0.70799,-0.58052,0,-0.32779,0.70337,-0.63073,0,0.85487,-0.06339,-0.51495,0,-37.17322,70.00084,10.19724,1
3,L_Toe0,-0.53157,0.61534,-0.58206,0,0.24075,0.76861,0.59269,0,0.81208,0.17492,-0.55671,0,-46.03526,-0.13751,6.05716,1
3,L_UpperArm,-0.85912,0.43909,-0.26289,0,-0.21429,0.15784,0.96393,0,0.46475,0.88447,-0.04151,0,-45.64457,123.43585,16.70674,1
3,Neck,0.03508,0.98545,-0.16629,0,0.02039,-0.16706,-0.98574,0,-0.99918,0.03118,-0.02596,0,-31.71585,121.55966,14.31411,1
3,Pelvis,-0.07145,0.9956,-0.06071,0,0.00394,-0.06058,-0.99816,0,-0.99744,-0.07156,0.0004,0,-28.67485,70.61053,10.19381,1
3,R_Calf,-0.26084,-0.80735,0.52929,0,0.42419,-0.58835,-0.68841,0,0.8672,0.04495,0.49593,0,-6.67228,45.28677,-11.07247,1
3,R_Clavicle,0.95699,0.28779,0.0368,0,0.02273,-0.20081,0.97937,0,0.28924,-0.93641,-0.19871,0,-27.73578,120.83416,14.63262,1
3,R_Finger0,-0.78341,-0.16406,0.59946,0,-0.57902,-0.15782,-0.79989,0,0.22583,-0.97375,0.02864,0,-12.51452,124.99696,-8.92099,1
3,R_Finger01,-0.78341,-0.16406,0.59946,0,-0.57902,-0.15782,-0.79989,0,0.22583,-0.97375,0.02864,0,-15.71131,124.32751,-6.47482,1
3,R_Finger1,-0.91852,-0.23612,0.31714,0,0.21038,-0.971,-0.11361,0,0.33476,-0.03763,0.94155,0,-17.20342,127.4097,-8.27982,1
3,R_Finger2,-0.96162,-0.13756,0.23743,0,0.12223,-0.98942,-0.0782,0,0.24567,-0.04618,0.96825,0,-17.60483,127.76084,-9.85922,1
3,R_Finger3,-0.97259,-0.15859,0.17003,0,0.14603,-0.9857,-0.08406,0,0.18093,-0.05693,0.98185,0,-17.83981,127.92923,-11.41011,1
3,R_Finger4,-0.98191,-0.12425,0.14288,0,0.11366,-0.99029,-0.08004,0,0.15144,-0.06235,0.9865,0,-18.21605,127.8171,-12.79774,1
3,R_Finger11,-0.91852,-0.23612,0.31714,0,0.21038,-0.971,-0.11361,0,0.33476,-0.03763,0.94155,0,-20.47314,126.56918,-7.15089,1
3,R_Finger21,-0.96162,-0.13756,0.23743,0,0.12223,-0.98942,-0.0782,0,0.24567,-0.04618,0.96825,0,-21.27895,127.23524,-8.95205,1
3,R_Finger31,-0.9726,-0.15859,0.17003,0,0.14603,-0.9857,-0.08406,0,0.18093,-0.05693,0.98185,0,-21.46185,127.33865,-10.77691,1
3,R_Finger41,-0.98191,-0.12425,0.14288,0,0.11366,-0.99029,-0.08004,0,0.15144,-0.06235,0.9865,0,-21.63222,127.38483,-12.30064,1
3,R_Foot,-0.18236,-0.98075,-0.06986,0,0.80027,-0.10677,-0.59005,0,0.57124,-0.16351,0.80434,0,-18.84447,7.61091,13.62715,1
3,R_Forearm,-0.58555,-0.32728,-0.74164,0,0.67385,0.31206,-0.66974,0,0.45062,-0.89191,0.03781,0,3.83118,134.32017,6.21395,1
3,R_Hand,-0.95508,0.15922,0.24993,0,-0.1659,-0.98613,-0.00576,0,0.24554,-0.04697,0.96825,0,-10.80059,126.14218,-12.31811,1
3,R_Thigh,0.37353,-0.71733,-0.58814,0,0.32931,0.69528,-0.63886,0,0.8672,0.04495,0.49593,0,-20.17647,71.2202,10.19038,1
3,R_Toe0,0.80054,-0.15075,-0.58001,0,0.2163,0.97529,0.04505,0,0.55888,-0.16152,0.81336,0,-10.97918,0.34491,6.56421,1
3,R_UpperArm,0.84269,0.41101,-0.34777,0,0.29464,0.18857,0.93682,0,0.45062,-0.89191,0.03781,0,-17.52043,123.90613,15.02545,1
3,Spine,-0.07104,0.99558,-0.06137,0,0.00331,-0.06129,-0.99811,0,-0.99747,-0.07111,0.00106,0,-29.47165,81.74566,11.76865,1
3,Spine1,-0.0538,0.99738,0.04834,0,-0.03229,0.04665,-0.99839,0,-0.99803,-0.05527,0.0297,0,-30.42315,95.08434,10.95708,1
3,Spine2,-0.04272,0.97869,0.20085,0,-0.05593,0.19838,-0.97853,0,-0.99752,-0.05303,0.04626,0,-31.14335,108.44549,11.61521,1
4,Head,0.06339,0.94502,-0.32081,0,0.04195,-0.32369,-0.94523,0,-0.99711,0.04646,-0.06016,0,-31.39162,131.56809,12.71165,1
4,L_Calf,0.26066,-0.80133,0.53845,0,-0.44482,-0.59468,-0.6697,0,0.85685,-0.06495,-0.51145,0,-51.59861,44.50922,-10.77086,1
4,L_Clavicle,-0.94641,0.28014,0.16072,0,0.10721,-0.1969,0.97454,0,0.30466,0.93955,0.15631,0,-35.55245,120.57298,15.01752,1
4,L_Finger0,0.93942,-0.16968,0.29783,0,0.32703,0.18341,-0.92705,0,0.10267,0.96828,0.22779,0,-49.64833,124.29351,-5.65668,1
4,L_Finger01,0.93942,-0.16968,0.29783,0,0.32703,0.18341,-0.92705,0,0.10267,0.96828,0.22779,0,-45.81492,123.60113,-4.44137,1
4,L_Finger1,0.99088,-0.13364,-0.01715,0,-0.13079,-0.92344,-0.36076,0,0.03238,0.35971,-0.9325,0,-45.2646,127.28863,-5.48237,1
4,L_Finger2,0.99754,-0.01054,-0.06936,0,-0.03466,-0.93365,-0.35651,0,-0.061,0.35804,-0.93171,0,-45.39263,128.13253,-6.91428,1
4,L_Finger3,0.99005,-0.00962,-0.14041,0,-0.05937,-0.9331,-0.35468,0,-0.12761,0.35949,-0.92438,0,-45.65069,128.7645,-8.33655,1
4,L_Finger4,0.98714,0.032,-0.1566,0,-0.02698,-0.93232,-0.36063,0,-0.15754,0.36021,-0.91947,0,-45.69634,129.11433,-9.73482,1
4,L_Finger11,0.99088,-0.13364,-0.01715,0,-0.13079,-0.92344,-0.36076,0,0.03238,0.35971,-0.9325,0,-41.73728,126.81291,-5.5434,1
4,L_Finger21,0.99754,-0.01054,-0.06936,0,-0.03466,-0.93365,-0.35651,0,-0.061,0.35804,-0.93171,0,-41.58127,128.09224,-7.17929,1
4,L_Finger31,0.99005,-0.00962,-0.14041,0,-0.05937,-0.9331,-0.35468,0,-0.12761,0.35949,-0.92438,0,-41.96366,128.72866,-8.85946,1
4,L_Finger41,0.98714,0.032,-0.1566,0,-0.02698,-0.93232,-0.36063,0,-0.15754,0.36021,-0.91947,0,-42.26195,129.22568,-10.27965,1
4,L_Foot,0.25423,-0.96109,-0.10807,0,-0.72617,-0.11588,-0.67768,0,0.63879,0.25077,-0.72737,0,-39.43483,7.11431,14.35617,1
4,L_Forearm,0.60025,-0.34848,-0.7199,0,-0.65086,0.3103,-0.69289,0,0.46485,0.88446,-0.04055,0,-67.40868,134.68898,10.02647,1
4,L_Hand,0.96369,0.26424,0.03845,0,0.25992,-0.89525,-0.3619,0,-0.06121,0.35875,-0.93142,0,-52.40953,125.98118,-7.96256,1
4,L_Thigh,-0.3999,-0.70985,-0.57982,0,-0.3254,0.70135,-0.63421,0,0.85685,-0.06495,-0.51145,0,-37.14116,70.17226,10.19116,1
4,L_Toe0,-0.53381,0.60573,-0.59004,0,0.23037,0.77555,0.58775,0,0.81362,0.17782,-0.55354,0,-46.0228,-0.13246,6.0721,1
4,L_UpperArm,-0.85856,0.4391,-0.26469,0,-0.21631,0.15786,0.96348,0,0.46485,0.88446,-0.04055,0,-45.65487,123.56335,16.73312,1
4,Neck,0.03307,0.9861,-0.16286,0,0.01814,-0.16351,-0.98637,0,-0.99929,0.02966,-0.0233,0,-31.72175,121.72402,14.33743,1
4,Pelvis,-0.07117,0.99565,-0.06017,0,0.00407,-0.06004,-0.99819,0,-0.99746,-0.07129,0.00022,0,-28.64262,70.77965,10.18926,1
4,R_Calf,-0.25904,-0.80853,0.52837,0,0.42278,-0.58677,-0.69062,0,0.86842,0.04449,0.49383,0,-6.75128,45.34953,-11.01868,1
4,R_Clavicle,0.95628,0.29012,0.037,0,0.02331,-0.20172,0.97916,0,0.29154,-0.93549,-0.19967,0,-27.73989,121.0081,14.65487,1
4,R_Finger0,-0.78443,-0.16565,0.59769,0,-0.57691,-0.15892,-0.8012,0,0.2277,-0.9733,0.0291,0,-12.46808,125.23477,-8.85307,1
4,R_Finger01,-0.78443,-0.16565,0.59769,0,-0.57691,-0.15892,-0.8012,0,0.2277,-0.9733,0.0291,0,-15.66903,124.55883,-6.41413,1
4,R_Finger1,-0.91876,-0.23796,0.31506,0,0.21256,-0.97057,-0.11319,0,0.33272,-0.03702,0.9423,0,-17.16319,127.63816,-8.22231,1
4,R_Finger2,-0.96187,-0.13948,0.23526,0,0.12437,-0.98917,-0.07798,0,0.24359,-0.04575,0.9688,0,-17.56175,127.98859,-9.80258,1
4,R_Finger3,-0.97266,-0.16052,0.16783,0,0.14817,-0.98541,-0.08379,0,0.17883,-0.05663,0.98225,0,-17.79358,128.1566,-11.35399,1
4,R_Finger4,-0.98198,-0.1262,0.14066,0,0.1158,-0.99006,-0.07984,0,0.14934,-0.06211,0.98683,0,-18.16647,128.04381,-12.74246,1
4,R_Finger11,-0.91876,-0.23796,0.31506,0,0.21256,-0.97057,-0.11319,0,0.33272,-0.03702,0.9423,0,-20.43377,126.79108,-7.10077,1
4,R_Finger21,-0.96187,-0.13948,0.23526,0,0.12437,-0.98917,-0.07798,0,0.24359,-0.04575,0.9688,0,-21.23685,127.45565,-8.90371,1
4,R_Finger31,-0.97266,-0.16052,0.16783,0,0.14817,-0.98541,-0.08379,0,0.17883,-0.05663,0.98225,0,-21.41585,127.55879,-10.72897,1
4,R_Finger41,-0.98198,-0.1262,0.14066,0,0.1158,-0.99006,-0.07984,0,0.14934,-0.06211,0.98683,0,-21.58289,127.60474,-12.25308,1
4,R_Foot,-0.18149,-0.98097,-0.06905,0,0.79954,-0.10631,-0.59113,0,0.57254,-0.16249,0.80362,0,-18.83953,7.61862,13.63806,1
4,R_Forearm,-0.5832,-0.32805,-0.74315,0,0.67457,0.31412,-0.66804,0,0.45259,-0.89091,0.0381,0,3.82416,134.58092,6.32352,1
4,R_Hand,-0.95596,0.15731,0.24779,0,-0.16393,-0.98645,-0.00619,0,0.24346,-0.04654,0.96879,0,-10.7488,126.38358,-12.24628,1
4,R_Thigh,0.37045,-0.72021,-0.58657,0,0.32957,0.69233,-0.64192,0,0.86842,0.04449,0.49383,0,-20.14408,71.38704,10.18737,1
4,R_Toe0,0.79984,-0.15247,-0.58052,0,0.21709,0.97521,0.04297,0,0.55958,-0.1604,0.81311,0,-10.97706,0.35647,6.56801,1
4,R_UpperArm,0.84287,0.41346,-0.3444,0,0.29108,0.18799,0.93805,0,0.45259,-0.89091,0.0381,0,-17.53214,124.10496,15.04987,1
4,Spine,-0.07062,0.99565,-0.06078,0,0.00317,-0.06071,-0.99815,0,-0.9975,-0.07068,0.00113,0,-29.43617,81.91417,11.77006,1
4,Spine1,-0.0549,0.99732,0.04842,0,-0.03252,0.04668,-0.99838,0,-0.99796,-0.05639,0.02987,0,-30.382,95.25373,10.96631,1
4,Spine2,-0.04512,0.97838,0.20182,0,-0.0565,0.19921,-0.97833,0,-0.99738,-0.05555,0.04629,0,-31.11703,108.61402,11.62546,1
5,Head,0.06372,0.946,-0.31784,0,0.03886,-0.32059,-0.94642,0,-0.99721,0.04796,-0.05719,0,-31.45864,131.741,12.70336,1
5,L_Calf,0.25672,-0.80204,0.53928,0,-0.44227,-0.59362,-0.67232,0,0.85936,-0.06591,-0.50711,0,-51.49163,44.58678,-10.75009,1
5,L_Clavicle,-0.9471,0.27786,0.16064,0,0.10763,-0.19658,0.97456,0,0.30237,0.94029,0.15627,0,-35.60326,120.73259,14.98679,1
5,L_Finger0,0.93904,-0.17096,0.29828,0,0.32759,0.18169,-0.92719,0,0.10431,0.96838,0.22662,0,-49.6749,124.42177,-5.68846,1
5,L_Finger01,0.93904,-0.17096,0.29828,0,0.32759,0.18169,-0.92719,0,0.10431,0.96838,0.22662,0,-45.84303,123.72416,-4.47128,1
5,L_Finger1,0.99065,-0.1354,-0.01672,0,-0.13231,-0.92366,-0.35965,0,0.03325,0.3585,-0.93294,0,-45.28596,127.40941,-5.5167,1
5,L_Finger2,0.99753,-0.01238,-0.06908,0,-0.0362,-0.93403,-0.35536,0,-0.06013,0.35699,-0.93217,0,-45.41214,128.25176,-6.94969,1
5,L_Finger3,0.99006,-0.01153,-0.14014,0,-0.06092,-0.93343,-0.35354,0,-0.12673,0.35857,-0.92486,0,-45.66871,128.88242,-8.37281,1
5,L_Finger4,0.98724,0.03008,-0.15638,0,-0.02853,-0.93272,-0.35948,0,-0.15667,0.35935,-0.91996,0,-45.71338,129.23059,-9.77153,1
5,L_Finger11,0.99065,-0.1354,-0.01672,0,-0.13231,-0.92366,-0.35965,0,0.03325,0.3585,-0.93294,0,-41.75947,126.92742,-5.57622,1
5,L_Finger21,0.99753,-0.01238,-0.06908,0,-0.0362,-0.93403,-0.35536,0,-0.06013,0.35699,-0.93217,0,-41.60078,128.20447,-7.21364,1
5,L_Finger31,0.99006,-0.01153,-0.14014,0,-0.06092,-0.93343,-0.35354,0,-0.12673,0.35857,-0.92486,0,-41.98162,128.83948,-8.8947,1
5,L_Finger41,0.98724,0.03008,-0.15638,0,-0.02853,-0.93272,-0.35948,0,-0.15667,0.35935,-0.91996,0,-42.27867,129.33521,-10.31559,1
5,L_Foot,0.2586,-0.96036,-0.10413,0,-0.72014,-0.11981,-0.68341,0,0.64384,0.25172,-0.72257,0,-39.51168,7.1588,14.41597,1
5,L_Forearm,0.60126,-0.34879,-0.71891,0,-0.64978,0.31021,-0.69394,0,0.46505,0.88437,-0.04013,0,-67.45676,134.82711,9.96711,1
5,L_Hand,0.96414,0.2626,0.03838,0,0.25844,-0.89615,-0.36072,0,-0.06033,0.3577,-0.93188,0,-52.43253,126.11143,-7.99715,1
5,L_Thigh,-0.39634,-0.71248,-0.57903,0,-0.32314,0.69859,-0.6384,0,0.85936,-0.06591,-0.50711,0,-37.16287,70.34498,10.18355,1
5,L_Toe0,-0.53641,0.59365,-0.59987,0,0.21742,0.78399,0.58145,0,0.81547,0.18147,-0.54961,0,-46.00491,-0.12758,6.09194,1
5,L_UpperArm,-0.85817,0.43921,-0.26579,0,-0.21743,0.15804,0.9632,0,0.46505,0.88437,-0.04013,0,-45.71302,123.69857,16.70151,1
5,Neck,0.03172,0.98651,-0.16063,0,0.01688,-0.16121,-0.98677,0,-0.99935,0.02859,-0.02177,0,-31.77531,121.89286,14.30688,1
5,Pelvis,-0.07071,0.99565,-0.06068,0,0.00437,-0.06052,-0.99816,0,-0.99749,-0.07084,-7e-005,0,-28.66405,70.94859,10.18419,1
5,R_Calf,-0.25634,-0.81,0.52743,0,0.42163,-0.58472,-0.69306,0,0.86978,0.04472,0.49141,0,-6.87752,45.40726,-10.955,1
5,R_Clavicle,0.95557,0.29244,0.03705,0,0.02373,-0.2016,0.97918,0,0.29382,-0.93479,-0.19959,0,-27.79176,121.18662,14.62463,1
5,R_Finger0,-0.78684,-0.16528,0.59461,0,-0.57318,-0.16147,-0.80337,0,0.22879,-0.97294,0.03231,0,-12.5042,125.45419,-8.87667,1
5,R_Finger01,-0.78684,-0.16528,0.59461,0,-0.57318,-0.16147,-0.80337,0,0.22879,-0.97294,0.03231,0,-15.715,124.77974,-6.45031,1
5,R_Finger1,-0.91984,-0.2384,0.31155,0,0.21428,-0.97055,-0.11004,0,0.32861,-0.03446,0.94384,0,-17.20506,127.85306,-8.27205,1
5,R_Finger2,-0.96272,-0.14017,0.23134,0,0.12595,-0.98918,-0.07519,0,0.23938,-0.04324,0.96996,0,-17.59709,128.1994,-9.85485,1
5,R_Finger3,-0.97319,-0.16137,0.16392,0,0.14978,-0.98541,-0.0809,0,0.17458,-0.05418,0.98315,0,-17.82229,128.36361,-11.40764,1
5,R_Finger4,-0.98243,-0.12713,0.13663,0,0.1174,-0.99009,-0.07707,0,0.14507,-0.05968,0.98762,0,-18.18892,128.24719,-12.79748,1
5,R_Finger11,-0.91984,-0.2384,0.31155,0,0.21428,-0.97055,-0.11004,0,0.32861,-0.03446,0.94383,0,-20.47947,127.0044,-7.16299,1
5,R_Finger21,-0.96272,-0.14017,0.23134,0,0.12595,-0.98918,-0.07519,0,0.23938,-0.04324,0.96996,0,-21.27544,127.66386,-8.97095,1
5,R_Finger31,-0.97319,-0.16137,0.16392,0,0.14978,-0.98541,-0.0809,0,0.17458,-0.05418,0.98315,0,-21.44653,127.76263,-10.7972,1
5,R_Finger41,-0.98243,-0.12713,0.13663,0,0.1174,-0.99009,-0.07707,0,0.14507,-0.05968,0.98762,0,-21.60691,127.8049,-12.32213,1
5,R_Foot,-0.17958,-0.98133,-0.06885,0,0.79873,-0.10459,-0.59253,0,0.57426,-0.1614,0.8026,0,-18.83993,7.60771,13.65795,1
5,R_Forearm,-0.5815,-0.32914,-0.74399,0,0.675,0.31528,-0.66706,0,0.45412,-0.89009,0.03883,0,3.75927,134.82206,6.32599,1
5,R_Hand,-0.95724,0.15666,0.24322,0,-0.16266,-0.98667,-0.00467,0,0.23925,-0.04403,0.96996,0,-10.77144,126.59748,-12.26488,1
5,R_Thigh,0.36754,-0.72318,-0.58474,0,0.32923,0.68921,-0.64545,0,0.86978,0.04472,0.49141,0,-20.16524,71.55221,10.18484,1
5,R_Toe0,0.79911,-0.15343,-0.58127,0,0.21722,0.97525,0.04121,0,0.56057,-0.15919,0.81267,0,-10.97476,0.36261,6.57343,1
5,R_UpperArm,0.84266,0.41495,-0.34313,0,0.28931,0.18855,0.93848,0,0.45412,-0.89009,0.03883,0,-17.59158,124.30826,15.02011,1
5,Spine,-0.07001,0.99566,-0.06124,0,0.00321,-0.06117,-0.99812,0,-0.99754,-0.07007,0.00108,0,-29.45273,82.08427,11.7593,1
5,Spine1,-0.05589,0.99731,0.04747,0,-0.03258,0.04569,-0.99842,0,-0.99791,-0.05735,0.02994,0,-30.39038,95.42404,10.94943,1
5,Spine2,-0.04751,0.97828,0.20176,0,-0.05692,0.199,-0.97834,0,-0.99725,-0.05796,0.04623,0,-31.13864,108.7842,11.59583,1
6,Head,0.06565,0.94652,-0.31589,0,0.03821,-0.31873,-0.94708,0,-0.99711,0.05011,-0.05709,0,-31.58223,131.9147,12.6519,1
6,L_Calf,0.25321,-0.80239,0.54042,0,-0.43859,-0.59313,-0.67516,0,0.86228,-0.06607,-0.5021,0,-51.40593,44.63675,-10.72692,1
6,L_Clavicle,-0.9478,0.27566,0.16027,0,0.10793,-0.19561,0.97472,0,0.30005,0.94114,0.15565,0,-35.72004,120.8952,14.92227,1
6,L_Finger0,0.93987,-0.17102,0.29564,0,0.32517,0.18331,-0.92772,0,0.10446,0.96806,0.2279,0,-49.80681,124.57429,-5.76099,1
6,L_Finger01,0.93987,-0.17102,0.29564,0,0.32517,0.18331,-0.92772,0,0.10446,0.96806,0.2279,0,-45.97158,123.87642,-4.5546,1
6,L_Finger1,0.99066,-0.13494,-0.01944,0,-0.13282,-0.92314,-0.36079,0,0.03074,0.36,-0.93244,0,-45.41876,127.56358,-5.59554,1
6,L_Finger2,0.99736,-0.01183,-0.07162,0,-0.03669,-0.93347,-0.35676,0,-0.06264,0.35845,-0.93145,0,-45.54892,128.40816,-7.02685,1
6,L_Finger3,0.98971,-0.01087,-0.14266,0,-0.0614,-0.93289,-0.35488,0,-0.12923,0.35999,-0.92396,0,-45.80936,129.04098,-8.44832,1
6,L_Finger4,0.98683,0.03076,-0.15882,0,-0.02903,-0.93216,-0.36089,0,-0.15915,0.36075,-0.91898,0,-45.85772,129.39134,-9.84636,1
6,L_Finger11,0.99066,-0.13494,-0.01944,0,-0.13282,-0.92314,-0.36079,0,0.03074,0.36,-0.93244,0,-41.89221,127.08323,-5.66473,1
6,L_Finger21,0.99736,-0.01183,-0.07162,0,-0.03669,-0.93347,-0.35676,0,-0.06264,0.35845,-0.93145,0,-41.73822,128.36297,-7.30051,1
6,L_Finger31,0.98971,-0.01087,-0.14266,0,-0.0614,-0.93289,-0.35488,0,-0.12923,0.35999,-0.92396,0,-42.12357,129.00048,-8.97959,1
6,L_Finger41,0.98683,0.03076,-0.15882,0,-0.02903,-0.93216,-0.36089,0,-0.15915,0.36075,-0.91898,0,-42.42443,129.49836,-10.39892,1
6,L_Foot,0.26232,-0.95974,-0.10041,0,-0.71324,-0.12274,-0.69009,0,0.64998,0.25264,-0.71672,0,-39.58969,7.19258,14.49239,1
6,L_Forearm,0.60071,-0.34859,-0.71947,0,-0.6501,0.3108,-0.69338,0,0.46532,0.88424,-0.03992,0,-67.58151,134.97712,9.91812,1
6,L_Hand,0.96412,0.26296,0.03636,0,0.25792,-0.89546,-0.3628,0,-0.06284,0.35916,-0.93116,0,-52.571,126.26642,-8.06001,1
6,L_Thigh,-0.39149,-0.71589,-0.57813,0,-0.32126,0.69508,-0.64317,0,0.86228,-0.06607,-0.5021,0,-37.25248,70.51826,10.17385,1
6,L_Toe0,-0.5392,0.57935,-0.61125,0,0.20219,0.79361,0.57384,0,0.81755,0.18583,-0.54505,0,-45.98235,-0.12296,6.11625,1
6,L_UpperArm,-0.85818,0.43964,-0.26502,0,-0.21679,0.15758,0.96342,0,0.46532,0.88424,-0.03992,0,-45.83731,123.83777,16.63311,1
6,Neck,0.03131,0.98673,-0.1593,0,0.01711,-0.15989,-0.98699,0,-0.99936,0.02818,-0.02189,0,-31.8948,122.06428,14.24219,1
6,Pelvis,-0.07016,0.99562,-0.06183,0,0.00481,-0.06165,-0.99809,0,-0.99752,-0.07032,-0.00047,0,-28.75335,71.11744,10.17783,1
6,R_Calf,-0.2526,-0.8118,0.52647,0,0.42087,-0.58213,-0.69569,0,0.87124,0.04585,0.48871,0,-7.05632,45.4666,-10.88394,1
6,R_Clavicle,0.95484,0.29479,0.037,0,0.02405,-0.20084,0.97933,0,0.29613,-0.93422,-0.19886,0,-27.9096,121.36801,14.56114,1
6,R_Finger0,-0.7906,-0.16355,0.59008,0,-0.56775,-0.16517,-0.80646,0,0.22936,-0.97261,0.03772,0,-12.64276,125.66701,-8.97495,1
6,R_Finger01,-0.7906,-0.16355,0.59008,0,-0.56775,-0.16517,-0.80646,0,0.22936,-0.97261,0.03772,0,-15.8689,124.9996,-6.56707,1
6,R_Finger1,-0.92167,-0.23792,0.30645,0,0.21578,-0.97081,-0.10473,0,0.32243,-0.0304,0.94611,0,-17.34943,128.06435,-8.41089,1
6,R_Finger2,-0.96411,-0.14004,0.22557,0,0.12725,-0.98937,-0.07038,0,0.23303,-0.03915,0.97168,0,-17.73133,128.404,-9.99762,1
6,R_Finger3,-0.97411,-0.16153,0.15816,0,0.1511,-0.9856,-0.07595,0,0.16815,-0.05009,0.98449,0,-17.94645,128.56177,-11.55251,1
6,R_Finger4,-0.98321,-0.1274,0.13068,0,0.11871,-0.99029,-0.07232,0,0.13862,-0.05559,0.98878,0,-18.30383,128.43949,-12.94425,1
6,R_Finger11,-0.92167,-0.23792,0.30645,0,0.21578,-0.97081,-0.10473,0,0.32243,-0.0304,0.94611,0,-20.63038,127.21739,-7.31999,1
6,R_Finger21,-0.96411,-0.14004,0.22557,0,0.12725,-0.98937,-0.07038,0,0.23303,-0.03915,0.97168,0,-21.41498,127.86892,-9.13578,1
6,R_Finger31,-0.97411,-0.16153,0.15816,0,0.1511,-0.9856,-0.07595,0,0.16815,-0.05009,0.98449,0,-21.57413,127.96022,-10.9635,1
6,R_Finger41,-0.98321,-0.1274,0.13068,0,0.11871,-0.99029,-0.07232,0,0.13862,-0.05559,0.98878,0,-21.72451,127.99626,-12.48961,1
6,R_Foot,-0.17694,-0.98179,-0.06907,0,0.79786,-0.102,-0.59416,0,0.5763,-0.16024,0.80138,0,-18.84412,7.58326,13.68441,1
6,R_Forearm,-0.58043,-0.33026,-0.74433,0,0.67506,0.31604,-0.66664,0,0.4554,-0.88941,0.0395,0,3.61521,135.05059,6.2432,1
6,R_Hand,-0.95894,0.15683,0.23629,0,-0.16183,-0.98682,-0.00177,0,0.2329,-0.03994,0.97168,0,-10.88867,126.79814,-12.35626,1
6,R_Thigh,0.36506,-0.72609,-0.58269,0,0.32813,0.68607,-0.64933,0,0.87124,0.04585,0.48871,0,-20.25423,71.71662,10.18182,1
6,R_Toe0,0.79836,-0.15388,-0.58218,0,0.2169,0.97539,0.03962,0,0.56176,-0.15791,0.81209,0,-10.97248,0.36448,6.58023,1
6,R_UpperArm,0.84193,0.41582,-0.34388,0,0.28942,0.18986,0.93818,0,0.4554,-0.88941,0.0395,0,-17.71712,124.51476,14.95612,1
6,Spine,-0.06931,0.99565,-0.06234,0,0.00338,-0.06225,-0.99805,0,-0.99759,-0.06938,0.00095,0,-29.53649,82.25532,11.74009,1
6,Spine1,-0.05684,0.99733,0.04588,0,-0.03253,0.04408,-0.9985,0,-0.99785,-0.05825,0.02993,0,-30.46477,95.59485,10.91553,1
6,Spine2,-0.04993,0.97831,0.20104,0,-0.05724,0.19816,-0.9785,0,-0.99711,-0.06036,0.0461,0,-31.22572,108.95529,11.5407,1
7,Head,0.0697,0.94663,-0.3147,0,0.04097,-0.31792,-0.94723,0,-0.99673,0.05313,-0.06095,0,-31.72314,132.08763,12.58134,1
7,L_Calf,0.24972,-0.80255,0.54181,0,-0.43425,-0.59293,-0.67812,0,0.86548,-0.06594,-0.49658,0,-51.3233,44.6704,-10.70264,1
7,L_Clavicle,-0.94852,0.27344,0.15982,0,0.10821,-0.19444,0.97493,0,0.29766,0.94203,0.15484,0,-35.86679,121.05823,14.84411,1
7,L_Finger0,0.94101,-0.17082,0.2921,0,0.32194,0.18614,-0.92828,0,0.10419,0.96756,0.23016,0,-49.97728,124.73875,-5.85124,1
7,L_Finger01,0.94101,-0.17082,0.2921,0,0.32194,0.18614,-0.92828,0,0.10419,0.96756,0.23016,0,-46.13739,124.04171,-4.65928,1
7,L_Finger1,0.99074,-0.13384,-0.02304,0,-0.13303,-0.92231,-0.36283,0,0.02731,0.36253,-0.93157,0,-45.59185,127.73222,-5.69211,1
7,L_Finger2,0.99713,-0.01058,-0.07492,0,-0.03688,-0.93255,-0.35915,0,-0.06606,0.36088,-0.93027,0,-45.72758,128.58049,-7.12072,1
7,L_Finger3,0.98925,-0.00944,-0.14592,0,-0.06158,-0.932,-0.35718,0,-0.13263,0.36233,-0.92257,0,-45.99333,129.21685,-8.53962,1
7,L_Finger4,0.98627,0.03223,-0.16197,0,-0.02923,-0.93121,-0.3633,0,-0.16253,0.36304,-0.91749,0,-46.04663,129.57092,-9.93655,1
7,L_Finger11,0.99074,-0.13384,-0.02304,0,-0.13303,-0.92231,-0.36283,0,0.02731,0.36253,-0.93157,0,-42.06505,127.25579,-5.77412,1
7,L_Finger21,0.99713,-0.01058,-0.07492,0,-0.03688,-0.93255,-0.35915,0,-0.06606,0.36088,-0.93027,0,-41.91775,128.54005,-7.40696,1
7,L_Finger31,0.98925,-0.00944,-0.14592,0,-0.06158,-0.932,-0.35718,0,-0.13263,0.36233,-0.92257,0,-42.30927,129.18168,-9.08305,1
7,L_Finger41,0.98627,0.03223,-0.16197,0,-0.02923,-0.93121,-0.3633,0,-0.16253,0.36304,-0.91749,0,-42.61529,129.68306,-10.50005,1
7,L_Foot,0.2656,-0.95921,-0.09684,0,-0.7056,-0.12496,-0.6975,0,0.65695,0.25359,-0.71001,0,-39.66983,7.21889,14.58141,1
7,L_Forearm,0.59986,-0.3479,-0.7205,0,-0.65079,0.3117,-0.69233,0,0.46545,0.8842,-0.03943,0,-67.74018,135.12759,9.86739,1
7,L_Hand,0.96396,0.26388,0.03391,0,0.25767,-0.89421,-0.36605,0,-0.06627,0.36159,-0.92998,0,-52.75075,126.43411,-8.13665,1
7,L_Thigh,-0.38594,-0.71975,-0.57707,0,-0.31936,0.69109,-0.64839,0,0.86548,-0.06594,-0.49658,0,-37.37071,70.69145,10.15988,1
7,L_Toe0,-0.542,0.5631,-0.62382,0,0.18502,0.80405,0.56503,0,0.81976,0.19082,-0.53998,0,-45.95639,-0.11831,6.14412,1
7,L_UpperArm,-0.85835,0.44008,-0.26375,0,-0.21585,0.15661,0.96379,0,0.46545,0.8842,-0.03943,0,-45.99174,123.97709,16.55008,1
7,Neck,0.03218,0.98683,-0.15851,0,0.01939,-0.15918,-0.98706,0,-0.99929,0.02869,-0.02425,0,-32.04435,122.23622,14.16376,1
7,Pelvis,-0.06961,0.99557,-0.06317,0,0.00531,-0.06296,-0.998,0,-0.99756,-0.06981,-0.00091,0,-28.87128,71.28623,10.16762,1
7,R_Calf,-0.24836,-0.81372,0.52553,0,0.42021,-0.57933,-0.69843,0,0.87278,0.04737,0.48582,0,-7.26066,45.52245,-10.80884,1
7,R_Clavicle,0.9541,0.29721,0.03693,0,0.02435,-0.19988,0.97952,0,0.29851,-0.93366,-0.19794,0,-28.05748,121.55022,14.48419,1
7,R_Finger0,-0.7947,-0.16143,0.58514,0,-0.56185,-0.16922,-0.80975,0,0.22973,-0.97227,0.04378,0,-12.82069,125.87635,-9.09741,1
7,R_Finger01,-0.7947,-0.16143,0.58514,0,-0.56185,-0.16922,-0.80975,0,0.22973,-0.97227,0.04378,0,-16.06356,125.21763,-6.70969,1
7,R_Finger1,-0.92369,-0.23717,0.30092,0,0.21717,-0.97112,-0.09878,0,0.31566,-0.02589,0.94852,0,-17.53288,128.27295,-8.57795,1
7,R_Finger2,-0.96561,-0.13969,0.21929,0,0.12841,-0.98959,-0.06498,0,0.22608,-0.03458,0.97349,0,-17.90362,128.60515,-10.1689,1
7,R_Finger3,-0.97511,-0.16149,0.15191,0,0.1523,-0.98582,-0.07039,0,0.16113,-0.0455,0.98588,0,-18.1077,128.75573,-11.72599,1
7,R_Finger4,-0.98403,-0.12749,0.12421,0,0.11988,-0.99053,-0.06697,0,0.13157,-0.05102,0.98999,0,-18.45502,128.62687,-13.11968,1
