2068,Head,-0.01314,0.99692,0.07732,0,0.32063,-0.06904,0.94469,0,0.94711,0.03721,-0.31873,0,-5.91779,158.55064,3.9953,1
2068,L_Calf,0.1211,-0.98977,-0.07539,0,0.19504,-0.05075,0.97948,0,-0.97329,-0.13332,0.1869,0,11.03679,50.07519,3.35486,1
2068,L_Clavicle,0.99699,-0.07644,-0.01315,0,-0.0112,0.02586,-0.9996,0,0.07675,0.99674,0.02492,0,-0.97429,147.90486,2.67044,1
2068,L_Finger0,-0.27363,-0.90829,0.31643,0,0.32206,-0.39651,-0.85968,0,0.90631,-0.13333,0.40102,0,22.56302,92.41006,15.36458,1
2068,L_Finger01,-0.14276,-0.98974,-0.00642,0,0.39776,-0.05143,-0.91605,0,0.90631,-0.13333,0.40102,0,21.06534,87.43864,17.09649,1
2068,L_Finger1,-0.60605,-0.78659,-0.1182,0,-0.63696,0.56893,-0.52019,0,0.47643,-0.23997,-0.84583,0,25.60208,86.72115,17.13025,1
2068,L_Finger2,-0.60759,-0.77459,-0.17562,0,-0.63404,0.60619,-0.48013,0,0.47837,-0.18037,-0.85944,0,27.10556,86.26163,15.51721,1
2068,L_Finger3,-0.61778,-0.73899,-0.26879,0,-0.61774,0.66759,-0.41561,0,0.48657,-0.09072,-0.86892,0,28.36043,85.85096,13.68985,1
2068,L_Finger4,-0.60803,-0.74054,-0.28619,0,-0.62607,0.66891,-0.40075,0,0.4882,-0.06449,-0.87034,0,29.23781,85.45231,11.64987,1
2068,L_Finger11,-0.70022,0.47823,-0.53009,0,0.53171,0.84481,0.05981,0,0.47643,-0.23997,-0.84583,0,22.65685,82.89852,16.55581,1
2068,L_Finger21,-0.73635,0.45088,-0.50448,0,0.4785,0.87417,0.08287,0,0.47837,-0.18037,-0.85944,0,23.75263,81.98707,14.54804,1
2068,L_Finger31,-0.73711,0.49125,-0.46404,0,0.46896,0.86628,0.17216,0,0.48657,-0.09072,-0.86892,0,25.37629,82.28136,12.39151,1
2068,L_Finger41,-0.76252,0.45359,-0.46133,0,0.42453,0.88888,0.17226,0,0.4882,-0.06449,-0.87034,0,27.08322,82.82816,10.63575,1
2068,L_Foot,-0.01525,-0.9997,-0.01903,0,0.55471,-0.02429,0.83169,0,-0.8319,0.00213,0.55492,0,16.14896,8.2931,0.17222,1
2068,L_Forearm,0.18671,-0.87383,0.44895,0,0.16073,-0.42366,-0.89145,0,0.96918,0.2386,0.06135,0,20.3945,119.80678,-1.13869,1
2068,L_Hand,0.16996,-0.94116,0.29212,0,-0.86117,-0.28596,-0.42025,0,0.47906,-0.18014,-0.8591,0,25.68762,95.03379,11.5889,1
2068,L_Thigh,0.12529,-0.99064,-0.05422,0,0.19238,-0.02936,0.98088,0,-0.97329,-0.13332,0.1869,0,6.15334,88.68869,5.46836,1
2068,L_Toe0,0.55473,-0.02353,0.8317,0,0.01483,0.99972,0.01839,0,-0.8319,0.00213,0.55492,0,22.90281,0.22688,10.32815,1
2068,L_UpperArm,0.24474,-0.96099,-0.12884,0,0.02822,0.13988,-0.98977,0,0.96918,0.2386,0.06135,0,13.52165,146.79345,2.47928,1
2068,Neck,-0.09642,0.99382,0.05502,0,0.04289,-0.05108,0.99777,0,0.99442,0.09857,-0.0377,0,-4.9246,148.31372,3.42854,1
2068,Pelvis,0.0646,0.99791,0,0,0,0,1,0,0.99791,-0.0646,0,0,-2.34908,89.2391,5.46837,1
2068,R_Calf,0.02157,-0.99841,-0.05203,0,-0.02616,-0.05259,0.99827,0,-0.99943,-0.02017,-0.02725,0,-10.03303,50.83771,4.28328,1
2068,R_Clavicle,-0.95567,-0.28762,0.06297,0,-0.07169,0.01986,-0.99723,0,0.28557,-0.95754,-0.0396,0,-8.76362,147.13278,2.96579,1
2068,R_Finger0,0.23497,-0.92478,0.29928,0,-0.25719,-0.35608,-0.89836,0,0.93736,0.13411,-0.32152,0,-24.75228,85.09877,9.25269,1
2068,R_Finger01,0.08943,-0.98464,-0.14998,0,-0.33669,0.11184,-0.93495,0,0.93736,0.13411,-0.32152,0,-23.46622,80.03712,10.89078,1
2068,R_Finger1,0.26723,-0.96305,0.03348,0,0.85455,0.22078,-0.4701,0,0.44534,0.15424,0.88198,0,-27.01123,78.84094,9.92639,1
2068,R_Finger2,0.24036,-0.97014,-0.03253,0,0.85588,0.22763,-0.46438,0,0.45792,0.08378,0.88504,0,-28.45544,78.48734,8.23443,1
2068,R_Finger3,0.19797,-0.97374,-0.11244,0,0.85588,0.22763,-0.46438,0,0.47778,-0.0043,0.87847,0,-29.66126,78.25196,6.34415,1
2068,R_Finger4,0.18533,-0.97329,-0.13551,0,0.85588,0.22763,-0.46438,0,0.48282,-0.02992,0.87521,0,-30.49614,78.11527,4.25261,1
2068,R_Finger11,0.6642,-0.71747,-0.20991,0,0.60042,0.67929,-0.42197,0,0.44534,0.15424,0.88198,0,-25.71256,74.16078,10.0891,1
2068,R_Finger21,0.68371,-0.66949,-0.29038,0,0.5682,0.73808,-0.36385,0,0.45792,0.08378,0.88504,0,-27.129,73.1337,8.0549,1
2068,R_Finger31,0.67282,-0.64117,-0.36907,0,0.56483,0.76739,-0.30344,0,0.47778,-0.0043,0.87847,0,-28.705,73.54842,5.80103,1
2068,R_Finger41,0.63693,-0.6739,-0.37441,0,0.601,0.73822,-0.30632,0,0.48282,-0.02992,0.87521,0,-29.83941,74.66636,3.77242,1
2068,R_Foot,-0.00065,-0.99992,-0.01283,0,-0.17613,-0.01252,0.98429,0,-0.98437,0.0029,-0.17611,0,-9.12249,8.6909,2.08687,1
2068,R_Forearm,-0.07611,-0.97015,0.23026,0,-0.13286,-0.21901,-0.96664,0,0.98821,-0.10417,-0.11222,0,-26.0647,115.43345,-0.5683,1
2068,R_Hand,-0.04374,-0.99222,0.11655,0,0.88755,-0.09215,-0.4514,0,0.45863,0.0837,0.88468,0,-28.22248,87.92999,5.95958,1
2068,R_Thigh,0.021,-0.99932,-0.0304,0,-0.02662,-0.03096,0.99917,0,-0.99943,-0.02017,-0.02725,0,-10.85151,89.78951,5.46838,1
2068,R_Toe0,-0.17599,-0.05588,0.9828,0,-0.00699,0.99843,0.05552,0,-0.98437,0.0029,-0.17611,0,-11.3096,0.76889,14.18149,1
2068,R_UpperArm,-0.12128,-0.97989,-0.15845,0,-0.09346,0.17019,-0.98097,0,0.98821,-0.10417,-0.11222,0,-22.65884,142.95083,3.88137,1
2068,Spine,0.03164,0.99949,0.00409,0,0.01667,-0.00462,0.99985,0,0.99936,-0.03157,-0.01681,0,-2.40626,102.29004,2.54766,1
2068,Spine1,-0.09756,0.99485,0.02762,0,0.04023,-0.02379,0.99891,0,0.99442,0.09857,-0.0377,0,-1.91958,117.6789,2.59832,1
2068,Spine2,-0.09756,0.99485,0.02762,0,0.04023,-0.02379,0.99891,0,0.99442,0.09857,-0.0377,0,-3.42216,132.99622,3.0114,1
2069,Head,-0.02205,0.99725,0.07082,0,0.32089,-0.06003,0.94521,0,0.94686,0.04357,-0.31868,0,-5.91851,158.55062,3.99538,1
2069,L_Calf,0.11886,-0.98909,-0.08705,0,0.19647,-0.06251,0.97851,0,-0.97328,-0.13341,0.1869,0,11.138,50.0621,3.85433,1
2069,L_Clavicle,0.99698,-0.07656,-0.01319,0,-0.01124,0.02586,-0.9996,0,0.07687,0.99673,0.02492,0,-0.97481,147.90494,2.67034,1
2069,L_Finger0,-0.27357,-0.90834,0.31635,0,0.32205,-0.39641,-0.85973,0,0.90634,-0.13332,0.40098,0,22.56591,92.40773,15.35775,1
2069,L_Finger01,-0.1427,-0.98974,-0.00652,0,0.39773,-0.05131,-0.91607,0,0.90634,-0.13332,0.40098,0,21.06857,87.43605,17.08922,1
2069,L_Finger1,-0.60601,-0.78662,-0.11826,0,-0.63701,0.56895,-0.52011,0,0.47641,-0.23986,-0.84587,0,25.60536,86.7188,17.12275,1
2069,L_Finger2,-0.60755,-0.77461,-0.17568,0,-0.63409,0.60621,-0.48005,0,0.47835,-0.18026,-0.85947,0,27.1088,86.25954,15.50961,1
2069,L_Finger3,-0.61775,-0.73899,-0.26884,0,-0.61779,0.66759,-0.41552,0,0.48654,-0.0906,-0.86895,0,28.36362,85.84913,13.68217,1
2069,L_Finger4,-0.608,-0.74054,-0.28624,0,-0.62612,0.66892,-0.40066,0,0.48817,-0.06438,-0.87037,0,29.24096,85.45072,11.64211,1
2069,L_Finger11,-0.70026,0.47824,-0.53001,0,0.53166,0.84484,0.05988,0,0.47641,-0.23986,-0.84587,0,22.66032,82.89607,16.54803,1
2069,L_Finger21,-0.73639,0.45089,-0.50441,0,0.47845,0.87419,0.08294,0,0.47835,-0.18026,-0.85947,0,23.75608,81.98489,14.54014,1
2069,L_Finger31,-0.73716,0.49126,-0.46397,0,0.46891,0.86629,0.17223,0,0.48654,-0.0906,-0.86895,0,25.37965,82.27949,12.38357,1
2069,L_Finger41,-0.76256,0.45359,-0.46126,0,0.42448,0.88888,0.17234,0,0.48817,-0.06438,-0.87037,0,27.08649,82.82656,10.62781,1
2069,L_Foot,-0.01604,-0.99967,-0.02013,0,0.55463,-0.02565,0.8317,0,-0.83194,0.00218,0.55486,0,16.15568,8.30896,0.17942,1
2069,L_Forearm,0.18677,-0.87387,0.44885,0,0.16073,-0.42356,-0.8915,0,0.96917,0.23865,0.06134,0,20.39526,119.80598,-1.14269,1
2069,L_Hand,0.17002,-0.94118,0.29202,0,-0.86117,-0.28596,-0.42025,0,0.47904,-0.18003,-0.85914,0,25.69023,95.03202,11.58223,1
2069,L_Thigh,0.12788,-0.99092,-0.04141,0,0.19072,-0.0164,0.98151,0,-0.97328,-0.13341,0.1869,0,6.15341,88.68678,5.46836,1
2069,L_Toe0,0.55473,-0.02353,0.8317,0,0.01483,0.99972,0.01839,0,-0.8319,0.00213,0.55492,0,22.90236,0.2262,10.32698,1
2069,L_UpperArm,0.24479,-0.96096,-0.12895,0,0.02817,0.13999,-0.98975,0,0.96917,0.23865,0.06134,0,13.52099,146.79186,2.47853,1
2069,Neck,-0.09644,0.99382,0.05502,0,0.04293,-0.05108,0.99777,0,0.99441,0.09859,-0.03774,0,-4.9251,148.31371,3.4286,1
2069,Pelvis,0.06483,0.9979,0,0,0,0,1,0,0.9979,-0.06483,0,0,-2.34888,89.23917,5.46837,1
2069,R_Calf,0.0215,-0.99854,-0.04947,0,-0.02622,-0.05002,0.9984,0,-0.99943,-0.02017,-0.02726,0,-10.02999,50.84327,4.17436,1
2069,R_Clavicle,-0.95566,-0.28764,0.06301,0,-0.07173,0.01986,-0.99723,0,0.28559,-0.95753,-0.03961,0,-8.76411,147.1327,2.96601,1
2069,R_Finger0,0.23497,-0.92476,0.29934,0,-0.2572,-0.35614,-0.89834,0,0.93736,0.13409,-0.32153,0,-24.7526,85.09852,9.25844,1
2069,R_Finger01,0.08943,-0.98464,-0.14993,0,-0.3367,0.11178,-0.93496,0,0.93736,0.13409,-0.32153,0,-23.46655,80.03696,10.89683,1
2069,R_Finger1,0.26723,-0.96305,0.03354,0,0.85455,0.22075,-0.47012,0,0.44535,0.15429,0.88196,0,-27.01157,78.84073,9.93253,1
2069,R_Finger2,0.24036,-0.97014,-0.03248,0,0.85588,0.2276,-0.4644,0,0.45792,0.08383,0.88503,0,-28.45578,78.48704,8.2406,1
2069,R_Finger3,0.19796,-0.97375,-0.11238,0,0.85588,0.2276,-0.4644,0,0.47779,-0.00425,0.87847,0,-29.66162,78.25156,6.35034,1
2069,R_Finger4,0.18533,-0.9733,-0.13545,0,0.85588,0.2276,-0.4644,0,0.48283,-0.02986,0.87521,0,-30.49651,78.11472,4.25881,1
2069,R_Finger11,0.6642,-0.71749,-0.20987,0,0.60042,0.67927,-0.42201,0,0.44535,0.15429,0.88196,0,-25.71291,74.16058,10.09552,1
2069,R_Finger21,0.68371,-0.66951,-0.29034,0,0.5682,0.73806,-0.3639,0,0.45792,0.08383,0.88503,0,-27.12936,73.13338,8.06139,1
2069,R_Finger31,0.67282,-0.64119,-0.36904,0,0.56483,0.76737,-0.30349,0,0.47779,-0.00425,0.87847,0,-28.70537,73.54797,5.8075,1
2069,R_Finger41,0.63693,-0.67392,-0.37437,0,0.601,0.7382,-0.30637,0,0.48283,-0.02986,0.87521,0,-29.83979,74.66578,3.77883,1
2069,R_Foot,-0.00065,-0.99992,-0.01283,0,-0.17613,-0.01252,0.98429,0,-0.98437,0.0029,-0.17611,0,-9.1225,8.69089,2.0862,1
2069,R_Forearm,-0.07611,-0.97013,0.23032,0,-0.13286,-0.21906,-0.96662,0,0.98821,-0.10417,-0.11222,0,-26.06502,115.43261,-0.56439,1
2069,R_Hand,-0.04374,-0.99221,0.11661,0,0.88755,-0.09218,-0.4514,0,0.45863,0.08376,0.88467,0,-28.22282,87.92956,5.96517,1
2069,R_Thigh,0.02107,-0.99923,-0.0332,0,-0.02657,-0.03375,0.99908,0,-0.99943,-0.02017,-0.02726,0,-10.85118,89.79155,5.46838,1
2069,R_Toe0,-0.17599,-0.05588,0.9828,0,-0.00699,0.99843,0.05552,0,-0.98437,0.0029,-0.17611,0,-11.3096,0.76888,14.18082,1
2069,R_UpperArm,-0.12128,-0.97991,-0.15834,0,-0.09347,0.17008,-0.98099,0,0.98821,-0.10417,-0.11222,0,-22.65922,142.95051,3.88218,1
2069,Spine,0.03163,0.99949,0.00409,0,0.01669,-0.00462,0.99985,0,0.99936,-0.03156,-0.01683,0,-2.40606,102.29011,2.54766,1
2069,Spine1,-0.09758,0.99484,0.02763,0,0.04026,-0.02379,0.99891,0,0.99441,0.09858,-0.03773,0,-1.9195,117.67897,2.59832,1
2069,Spine2,-0.09758,0.99484,0.02763,0,0.04027,-0.02379,0.99891,0,0.99441,0.09859,-0.03774,0,-3.42231,132.99627,3.01143,1
2070,Head,-0.03147,0.99746,0.06398,0,0.32108,-0.05053,0.9457,0,0.94653,0.0503,-0.31868,0,-5.92071,158.55061,3.99564,1
2070,L_Calf,0.11756,-0.98861,-0.09399,0,0.19731,-0.06951,0.97787,0,-0.97327,-0.1335,0.18689,0,11.20034,50.05662,4.15529,1
2070,L_Clavicle,0.99695,-0.0769,-0.01332,0,-0.01137,0.02585,-0.9996,0,0.07721,0.9967,0.0249,0,-0.97641,147.90529,2.67004,1
2070,L_Finger0,-0.27338,-0.90848,0.3161,0,0.32203,-0.3961,-0.85989,0,0.9064,-0.13328,0.40084,0,22.57462,92.40085,15.33731,1
2070,L_Finger01,-0.14253,-0.98977,-0.0068,0,0.39764,-0.05097,-0.91612,0,0.9064,-0.13328,0.40084,0,21.07831,87.4284,17.06744,1
2070,L_Finger1,-0.60589,-0.78669,-0.11843,0,-0.63717,0.569,-0.51987,0,0.47636,-0.23952,-0.846,0,25.61523,86.71191,17.10027,1
2070,L_Finger2,-0.60743,-0.77466,-0.17585,0,-0.63424,0.60624,-0.4798,0,0.47829,-0.17992,-0.85957,0,27.11858,86.25339,15.48684,1
2070,L_Finger3,-0.61765,-0.73902,-0.269,0,-0.61795,0.66761,-0.41525,0,0.48646,-0.09026,-0.86903,0,28.37328,85.84375,13.65914,1
2070,L_Finger4,-0.6079,-0.74056,-0.2864,0,-0.62628,0.66893,-0.40039,0,0.48809,-0.06403,-0.87044,0,29.25047,85.44611,11.61887,1
2070,L_Finger11,-0.7004,0.47828,-0.52979,0,0.53152,0.84491,0.06008,0,0.47636,-0.23952,-0.846,0,22.67078,82.88884,16.52472,1
2070,L_Finger21,-0.73652,0.45091,-0.5042,0,0.47831,0.87425,0.08316,0,0.47829,-0.17992,-0.85957,0,23.7665,81.97847,14.51643,1
2070,L_Finger31,-0.73729,0.49127,-0.46374,0,0.46878,0.86632,0.17244,0,0.48646,-0.09026,-0.86903,0,25.38978,82.27399,12.35978,1
2070,L_Finger41,-0.76269,0.4536,-0.46104,0,0.42435,0.8889,0.17256,0,0.48809,-0.06403,-0.87044,0,27.09634,82.82188,10.604,1
2070,L_Foot,-0.01675,-0.99964,-0.02107,0,0.55453,-0.02682,0.83173,0,-0.832,0.00225,0.55477,0,16.16296,8.32372,0.18753,1
2070,L_Forearm,0.18697,-0.87397,0.44857,0,0.1607,-0.42326,-0.89164,0,0.96913,0.2388,0.06131,0,20.39752,119.80369,-1.15464,1
2070,L_Hand,0.17022,-0.94124,0.29172,0,-0.86117,-0.28598,-0.42024,0,0.47898,-0.17969,-0.85924,0,25.69809,95.02681,11.56226,1
2070,L_Thigh,0.12947,-0.99101,-0.03369,0,0.18971,-0.00859,0.9818,0,-0.97327,-0.1335,0.18689,0,6.15385,88.68465,5.46834,1
2070,L_Toe0,0.55473,-0.02353,0.8317,0,0.01483,0.99972,0.01839,0,-0.8319,0.00213,0.55492,0,22.9029,0.22674,10.32823,1
2070,L_UpperArm,0.24494,-0.96088,-0.1293,0,0.02804,0.14032,-0.98971,0,0.96913,0.2388,0.06131,0,13.51897,146.78717,2.4763,1
2070,Neck,-0.09651,0.99381,0.05503,0,0.04306,-0.05107,0.99777,0,0.9944,0.09866,-0.03787,0,-4.92663,148.31376,3.42878,1
2070,Pelvis,0.06511,0.99788,0,0,0,0,1,0,0.99788,-0.06511,0,0,-2.34829,89.23939,5.46834,1
2070,R_Calf,0.02135,-0.99879,-0.04437,0,-0.02634,-0.04493,0.99864,0,-0.99943,-0.02016,-0.02726,0,-10.02394,50.85368,3.96017,1
2070,R_Clavicle,-0.95564,-0.28768,0.06313,0,-0.07185,0.01985,-0.99722,0,0.28563,-0.95752,-0.03964,0,-8.76561,147.13247,2.96667,1
2070,R_Finger0,0.23497,-0.92471,0.2995,0,-0.25722,-0.35629,-0.89827,0,0.93735,0.13403,-0.32157,0,-24.75363,85.09789,9.27545,1
2070,R_Finger01,0.08942,-0.98467,-0.14975,0,-0.33671,0.11162,-0.93497,0,0.93735,0.13403,-0.32157,0,-23.46758,80.03662,10.91471,1
2070,R_Finger1,0.26722,-0.96304,0.0337,0,0.85454,0.22066,-0.47018,0,0.44536,0.15444,0.88193,0,-27.01262,78.84022,9.95069,1
2070,R_Finger2,0.24036,-0.97015,-0.03231,0,0.85587,0.22751,-0.46446,0,0.45794,0.08398,0.88501,0,-28.45686,78.48624,8.25884,1
2070,R_Finger3,0.19796,-0.97377,-0.11221,0,0.85587,0.22751,-0.46446,0,0.4778,-0.0041,0.87846,0,-29.66273,78.25044,6.36865,1
2070,R_Finger4,0.18532,-0.97332,-0.13528,0,0.85587,0.22751,-0.46446,0,0.48284,-0.02971,0.8752,0,-30.49766,78.11323,4.27716,1
2070,R_Finger11,0.66419,-0.71753,-0.20976,0,0.60041,0.67919,-0.42214,0,0.44536,0.15444,0.88193,0,-25.71398,74.1601,10.11449,1
2070,R_Finger21,0.6837,-0.66956,-0.29024,0,0.56819,0.73799,-0.36404,0,0.45794,0.08398,0.88501,0,-27.13047,73.13255,8.08056,1
2070,R_Finger31,0.67281,-0.64126,-0.36894,0,0.56483,0.76731,-0.30364,0,0.4778,-0.0041,0.87846,0,-28.70652,73.54675,5.82663,1
2070,R_Finger41,0.63691,-0.67399,-0.37426,0,0.601,0.73814,-0.30651,0,0.48284,-0.02971,0.8752,0,-29.84097,74.6642,3.79778,1
2070,R_Foot,-0.00065,-0.99992,-0.01283,0,-0.17613,-0.01252,0.98429,0,-0.98437,0.0029,-0.17611,0,-9.12251,8.69107,2.08717,1
2070,R_Forearm,-0.07611,-0.97009,0.23049,0,-0.13288,-0.21923,-0.96658,0,0.98821,-0.1042,-0.11222,0,-26.06604,115.43024,-0.55274,1
2070,R_Hand,-0.04374,-0.99219,0.11679,0,0.88754,-0.09226,-0.4514,0,0.45865,0.08391,0.88465,0,-28.22388,87.92836,5.98174,1
2070,R_Thigh,0.0212,-0.99903,-0.03869,0,-0.02646,-0.03925,0.99888,0,-0.99943,-0.02016,-0.02726,0,-10.85043,89.79414,5.46835,1
2070,R_Toe0,-0.17599,-0.05588,0.9828,0,-0.00699,0.99843,0.05552,0,-0.98437,0.0029,-0.17611,0,-11.30962,0.76905,14.18179,1
2070,R_UpperArm,-0.12127,-0.97996,-0.15801,0,-0.09351,0.16976,-0.98104,0,0.98821,-0.1042,-0.11222,0,-22.66041,142.94965,3.8846,1
2070,Spine,0.03161,0.99949,0.00409,0,0.01673,-0.00462,0.99985,0,0.99936,-0.03154,-0.01687,0,-2.40546,102.29033,2.54764,1
2070,Spine1,-0.09762,0.99484,0.02763,0,0.04034,-0.02379,0.9989,0,0.99441,0.09863,-0.03781,0,-1.91927,117.6792,2.5983,1
2070,Spine2,-0.09765,0.99484,0.02763,0,0.0404,-0.02378,0.9989,0,0.9944,0.09866,-0.03787,0,-3.42278,132.99644,3.0115,1
2071,Head,-0.04128,0.99753,0.05686,0,0.32119,-0.04064,0.94614,0,0.94611,0.05732,-0.31872,0,-5.92439,158.55061,3.99598,1
2071,L_Calf,0.11654,-0.9882,-0.09941,0,0.19795,-0.07497,0.97734,0,-0.97326,-0.13358,0.18688,0,11.24925,50.05336,4.38926,1
2071,L_Clavicle,0.9969,-0.07747,-0.01354,0,-0.01157,0.02584,-0.9996,0,0.07779,0.99666,0.02487,0,-0.97907,147.90589,2.66946,1
2071,L_Finger0,-0.27306,-0.90872,0.31569,0,0.32199,-0.39557,-0.86014,0,0.90651,-0.13322,0.40061,0,22.58921,92.38947,15.30322,1
2071,L_Finger01,-0.14225,-0.9898,-0.00728,0,0.3975,-0.05039,-0.91622,0,0.90651,-0.13322,0.40061,0,21.09464,87.41571,17.03111,1
2071,L_Finger1,-0.60568,-0.7868,-0.11872,0,-0.63742,0.56907,-0.51947,0,0.47628,-0.23896,-0.8462,0,25.63176,86.70052,17.06279,1
2071,L_Finger2,-0.60724,-0.77475,-0.17613,0,-0.6345,0.6063,-0.47939,0,0.47819,-0.17935,-0.85975,0,27.13498,86.24325,15.44886,1
2071,L_Finger3,-0.61748,-0.73906,-0.26926,0,-0.61821,0.66764,-0.41481,0,0.48634,-0.08968,-0.86916,0,28.38947,85.83488,13.62074,1
2071,L_Finger4,-0.60774,-0.74059,-0.28666,0,-0.62654,0.66895,-0.39994,0,0.48796,-0.06345,-0.87056,0,29.26642,85.43852,11.58012,1
2071,L_Finger11,-0.70063,0.47835,-0.52943,0,0.53129,0.84503,0.06041,0,0.47628,-0.23896,-0.8462,0,22.68832,82.8769,16.48583,1
2071,L_Finger21,-0.73674,0.45096,-0.50384,0,0.47807,0.87434,0.08351,0,0.47819,-0.17935,-0.85975,0,23.78395,81.96784,14.47688,1
2071,L_Finger31,-0.73751,0.49129,-0.46337,0,0.46856,0.86637,0.1728,0,0.48634,-0.08968,-0.86916,0,25.40677,82.26492,12.32011,1
2071,L_Finger41,-0.7629,0.45361,-0.46068,0,0.42412,0.88894,0.17293,0,0.48796,-0.06345,-0.87056,0,27.11286,82.81419,10.56431,1
2071,L_Foot,-0.01742,-0.99961,-0.02195,0,0.55441,-0.02793,0.83177,0,-0.83206,0.00232,0.55468,0,16.16885,8.33774,0.19277,1
2071,L_Forearm,0.1873,-0.87414,0.4481,0,0.16067,-0.42277,-0.89188,0,0.96907,0.23905,0.06126,0,20.40135,119.79998,-1.17456,1
2071,L_Hand,0.17054,-0.94133,0.29122,0,-0.86116,-0.28602,-0.42024,0,0.47888,-0.17912,-0.85941,0,25.71127,95.01823,11.52894,1
2071,L_Thigh,0.1307,-0.99104,-0.02768,0,0.1889,-0.00252,0.98199,0,-0.97326,-0.13358,0.18688,0,6.15468,88.68233,5.46827,1
2071,L_Toe0,0.55473,-0.02353,0.8317,0,0.01483,0.99972,0.01839,0,-0.8319,0.00213,0.55492,0,22.90216,0.22724,10.32706,1
2071,L_UpperArm,0.2452,-0.96073,-0.12987,0,0.02781,0.14088,-0.98964,0,0.96907,0.23905,0.06126,0,13.51563,146.77944,2.47259,1
2071,Neck,-0.09662,0.9938,0.05504,0,0.04327,-0.05106,0.99776,0,0.99438,0.09878,-0.03807,0,-4.92919,148.31389,3.42901,1
2071,Pelvis,0.06543,0.99786,0,0,0,0,1,0,0.99786,-0.06543,0,0,-2.34728,89.23979,5.46824,1
2071,R_Calf,0.02128,-0.99889,-0.04203,0,-0.0264,-0.04259,0.99874,0,-0.99943,-0.02014,-0.02727,0,-10.02078,50.86069,3.86338,1
2071,R_Clavicle,-0.95561,-0.28775,0.06333,0,-0.07206,0.01983,-0.9972,0,0.28569,-0.9575,-0.03969,0,-8.76812,147.13213,2.9677,1
2071,R_Finger0,0.23497,-0.92462,0.29977,0,-0.25725,-0.35656,-0.89816,0,0.93734,0.13392,-0.32164,0,-24.75536,85.09692,9.30434,1
2071,R_Finger01,0.08941,-0.98472,-0.14945,0,-0.33674,0.11133,-0.93499,0,0.93734,0.13392,-0.32164,0,-23.46931,80.03614,10.94511,1
2071,R_Finger1,0.26722,-0.96304,0.03399,0,0.85453,0.22051,-0.47027,0,0.44539,0.15471,0.88187,0,-27.01439,78.83949,9.98155,1
2071,R_Finger2,0.24035,-0.97016,-0.03202,0,0.85586,0.22736,-0.46455,0,0.45797,0.08425,0.88497,0,-28.45869,78.48501,8.28986,1
2071,R_Finger3,0.19794,-0.9738,-0.11192,0,0.85586,0.22736,-0.46455,0,0.47782,-0.00383,0.87845,0,-29.66461,78.24864,6.39976,1
2071,R_Finger4,0.18531,-0.97336,-0.13499,0,0.85586,0.22736,-0.46455,0,0.48287,-0.02945,0.8752,0,-30.49959,78.11081,4.30834,1
2071,R_Finger11,0.66418,-0.7176,-0.20955,0,0.60041,0.67905,-0.42237,0,0.44539,0.15471,0.88187,0,-25.71579,74.1594,10.14674,1
2071,R_Finger21,0.68369,-0.66966,-0.29005,0,0.56819,0.73787,-0.36428,0,0.45797,0.08425,0.88497,0,-27.13235,73.13125,8.11317,1
2071,R_Finger31,0.67279,-0.64138,-0.36876,0,0.56483,0.76722,-0.30389,0,0.47782,-0.00383,0.87845,0,-28.70846,73.54479,5.85915,1
2071,R_Finger41,0.6369,-0.67411,-0.37407,0,0.601,0.73804,-0.30675,0,0.48287,-0.02945,0.8752,0,-29.84295,74.66162,3.82999,1
2071,R_Foot,-0.00065,-0.99992,-0.01283,0,-0.17613,-0.01252,0.98429,0,-0.98437,0.0029,-0.17611,0,-9.1226,8.69375,2.08918,1
2071,R_Forearm,-0.07612,-0.97002,0.23079,0,-0.13291,-0.21953,-0.96651,0,0.9882,-0.10424,-0.11221,0,-26.06775,115.42631,-0.53307,1
2071,R_Hand,-0.04375,-0.99216,0.11709,0,0.88753,-0.09241,-0.45139,0,0.45867,0.08418,0.88461,0,-28.22568,87.92643,6.00986,1
2071,R_Thigh,0.02125,-0.99893,-0.04117,0,-0.02641,-0.04173,0.99878,0,-0.99943,-0.02014,-0.02727,0,-10.84924,89.79725,5.46823,1
2071,R_Toe0,-0.17599,-0.05588,0.9828,0,-0.00699,0.99843,0.05552,0,-0.98437,0.0029,-0.17611,0,-11.3097,0.77174,14.1838,1
2071,R_UpperArm,-0.12126,-0.98005,-0.15745,0,-0.09356,0.1692,-0.98113,0,0.9882,-0.10424,-0.11221,0,-22.66243,142.94829,3.88853,1
2071,Spine,0.03157,0.99949,0.00409,0,0.0168,-0.00462,0.99985,0,0.99936,-0.0315,-0.01693,0,-2.40446,102.29074,2.54752,1
2071,Spine1,-0.0977,0.99483,0.02764,0,0.04048,-0.02378,0.9989,0,0.99439,0.09871,-0.03795,0,-1.91888,117.67961,2.59819,1
2071,Spine2,-0.09777,0.99483,0.02765,0,0.04061,-0.02377,0.99889,0,0.99438,0.09878,-0.03807,0,-3.42357,132.99674,3.01155,1
2072,Head,-0.05137,0.99745,0.04954,0,0.3212,-0.03047,0.94652,0,0.94562,0.06453,-0.31881,0,-5.92958,158.5506,3.99639,1
2072,L_Calf,0.11567,-0.98781,-0.10414,0,0.19851,-0.07974,0.97685,0,-0.97325,-0.13366,0.18687,0,11.29398,50.05135,4.59814,1
2072,L_Clavicle,0.99684,-0.07827,-0.01383,0,-0.01184,0.02583,-0.9996,0,0.0786,0.9966,0.02482,0,-0.98282,147.9067,2.66856,1
2072,L_Finger0,-0.27262,-0.90906,0.31511,0,0.32194,-0.39483,-0.8605,0,0.90666,-0.13314,0.4003,0,22.6098,92.37356,15.25548,1
2072,L_Finger01,-0.14185,-0.98986,-0.00794,0,0.3973,-0.04958,-0.91635,0,0.90666,-0.13314,0.4003,0,21.11767,87.39797,16.98022,1
2072,L_Finger1,-0.60539,-0.78696,-0.11913,0,-0.63778,0.56918,-0.51892,0,0.47618,-0.23817,-0.84648,0,25.65509,86.68462,17.0103,1
2072,L_Finger2,-0.60697,-0.77487,-0.17653,0,-0.63486,0.60638,-0.4788,0,0.47806,-0.17854,-0.85999,0,27.1581,86.22908,15.39569,1
2072,L_Finger3,-0.61725,-0.73912,-0.26963,0,-0.61859,0.66768,-0.41419,0,0.48617,-0.08887,-0.86934,0,28.41232,85.82253,13.56697,1
2072,L_Finger4,-0.6075,-0.74064,-0.28704,0,-0.62691,0.66898,-0.39932,0,0.48778,-0.06264,-0.87072,0,29.28894,85.42797,11.52586,1
2072,L_Finger11,-0.70095,0.47844,-0.52893,0,0.53096,0.84521,0.06088,0,0.47618,-0.23817,-0.84648,0,22.71306,82.8602,16.43134,1
2072,L_Finger21,-0.73704,0.45101,-0.50335,0,0.47773,0.87448,0.08401,0,0.47806,-0.17854,-0.85999,0,23.80858,81.953,14.4215,1
2072,L_Finger31,-0.73782,0.49132,-0.46284,0,0.46825,0.86643,0.17329,0,0.48616,-0.08887,-0.86934,0,25.43077,82.25227,12.26454,1
2072,L_Finger41,-0.76319,0.45362,-0.46018,0,0.4238,0.88899,0.17346,0,0.48778,-0.06264,-0.87072,0,27.13621,82.80348,10.50872,1
2072,L_Foot,-0.01813,-0.99957,-0.02291,0,0.55431,-0.02912,0.8318,0,-0.83211,0.00238,0.5546,0,16.17673,8.35197,0.20186,1
2072,L_Forearm,0.18776,-0.87438,0.44744,0,0.16063,-0.42207,-0.89222,0,0.96899,0.2394,0.0612,0,20.40679,119.79481,-1.20239,1
2072,L_Hand,0.17099,-0.94147,0.29051,0,-0.86114,-0.28607,-0.42023,0,0.47874,-0.17832,-0.85966,0,25.72987,95.00626,11.48231,1
2072,L_Thigh,0.13182,-0.99102,-0.02232,0,0.18817,0.00291,0.98213,0,-0.97325,-0.13366,0.18687,0,6.15591,88.67985,5.46806,1
2072,L_Toe0,0.55473,-0.02353,0.8317,0,0.01483,0.99972,0.01839,0,-0.8319,0.00213,0.55492,0,22.90321,0.22698,10.32908,1
2072,L_UpperArm,0.24556,-0.96053,-0.13068,0,0.0275,0.14166,-0.98953,0,0.96899,0.2394,0.0612,0,13.51091,146.7686,2.46745,1
2072,Neck,-0.09677,0.99378,0.05506,0,0.04356,-0.05104,0.99775,0,0.99435,0.09895,-0.03835,0,-4.93279,148.31401,3.42923,1
2072,Pelvis,0.06578,0.99783,0,0,-1e-005,0,1,0,0.99783,-0.06578,1e-005,0,-2.34586,89.24033,5.46797,1
2072,R_Calf,0.02126,-0.99889,-0.04214,0,-0.02641,-0.04269,0.99874,0,-0.99943,-0.02012,-0.02728,0,-10.02011,50.86404,3.86798,1
2072,R_Clavicle,-0.95556,-0.28784,0.06361,0,-0.07235,0.01981,-0.99718,0,0.28577,-0.95747,-0.03975,0,-8.77165,147.13161,2.96902,1
2072,R_Finger0,0.23496,-0.92449,0.30018,0,-0.25728,-0.35696,-0.89799,0,0.93733,0.13376,-0.32173,0,-24.75783,85.09577,9.34586,1
2072,R_Finger01,0.08939,-0.98479,-0.14902,0,-0.33677,0.11092,-0.93503,0,0.93733,0.13376,-0.32173,0,-23.47179,80.0357,10.98883,1
2072,R_Finger1,0.2672,-0.96303,0.03441,0,0.85452,0.22029,-0.4704,0,0.44542,0.1551,0.88178,0,-27.01692,78.83867,10.02594,1
2072,R_Finger2,0.24033,-0.97018,-0.0316,0,0.85585,0.22714,-0.46468,0,0.458,0.08464,0.88491,0,-28.46128,78.48345,8.33445,1
2072,R_Finger3,0.19793,-0.97385,-0.11149,0,0.85585,0.22714,-0.46468,0,0.47786,-0.00345,0.87843,0,-29.66728,78.24625,6.44451,1
2072,R_Finger4,0.18529,-0.97343,-0.13456,0,0.85585,0.22714,-0.46468,0,0.4829,-0.02907,0.87519,0,-30.50234,78.1075,4.35317,1
2072,R_Finger11,0.66416,-0.7177,-0.20926,0,0.6004,0.67886,-0.42269,0,0.44542,0.1551,0.88178,0,-25.71838,74.15864,10.19316,1
2072,R_Finger21,0.68367,-0.6698,-0.28978,0,0.56819,0.7377,-0.36463,0,0.458,0.08464,0.88491,0,-27.13503,73.12959,8.16009,1
2072,R_Finger31,0.67277,-0.64155,-0.3685,0,0.56483,0.76707,-0.30425,0,0.47786,-0.00345,0.87843,0,-28.71121,73.54213,5.90595,1
2072,R_Finger41,0.63687,-0.67429,-0.3738,0,0.601,0.7379,-0.3071,0,0.4829,-0.02907,0.87519,0,-29.84576,74.6581,3.87634,1
2072,R_Foot,-0.00065,-0.99992,-0.01283,0,-0.17613,-0.01252,0.98429,0,-0.98437,0.0029,-0.17611,0,-9.12269,8.69728,2.08924,1
2072,R_Forearm,-0.07612,-0.96992,0.23123,0,-0.13295,-0.21996,-0.96641,0,0.9882,-0.10431,-0.1122,0,-26.07016,115.42079,-0.50499,1
2072,R_Hand,-0.04376,-0.9921,0.11754,0,0.88751,-0.09262,-0.45138,0,0.45871,0.08456,0.88456,0,-28.22822,87.92385,6.05025,1
2072,R_Thigh,0.02123,-0.99893,-0.04105,0,-0.02643,-0.0416,0.99878,0,-0.99943,-0.02012,-0.02728,0,-10.84762,89.80081,5.46789,1
2072,R_Toe0,-0.17599,-0.05588,0.9828,0,-0.00699,0.99843,0.05552,0,-0.98437,0.0029,-0.17611,0,-11.3098,0.77526,14.18386,1
2072,R_UpperArm,-0.12125,-0.98018,-0.15664,0,-0.09364,0.1684,-0.98126,0,0.9882,-0.10431,-0.1122,0,-22.66528,142.94646,3.89387,1
2072,Spine,0.03152,0.99949,0.00409,0,0.01689,-0.00462,0.99985,0,0.99936,-0.03144,-0.01702,0,-2.40304,102.29125,2.54723,1
2072,Spine1,-0.09781,0.99482,0.02766,0,0.04067,-0.02377,0.99889,0,0.99437,0.09882,-0.03813,0,-1.91832,117.68016,2.5979,1
2072,Spine2,-0.09793,0.99481,0.02766,0,0.04089,-0.02375,0.99888,0,0.99435,0.09895,-0.03835,0,-3.42467,132.99711,3.01149,1
2073,Head,-0.06161,0.99721,0.04212,0,0.32109,-0.02015,0.94683,0,0.94504,0.07186,-0.31895,0,-5.93631,158.55053,3.99671,1
2073,L_Calf,0.1149,-0.98746,-0.10823,0,0.19898,-0.08386,0.97641,0,-0.97325,-0.13373,0.18685,0,11.33219,50.05004,4.77569,1
2073,L_Clavicle,0.99675,-0.0793,-0.01419,0,-0.01218,0.02582,-0.99959,0,0.07963,0.99652,0.02477,0,-0.98768,147.90771,2.66722,1
2073,L_Finger0,-0.27204,-0.90949,0.31437,0,0.32189,-0.39388,-0.86096,0,0.90685,-0.13302,0.3999,0,22.63653,92.35329,15.19412,1
2073,L_Finger01,-0.14133,-0.98992,-0.0088,0,0.39704,-0.04854,-0.91652,0,0.90685,-0.13302,0.3999,0,21.14757,87.37535,16.91478,1
2073,L_Finger1,-0.60501,-0.78717,-0.11967,0,-0.63824,0.56931,-0.5182,0,0.47604,-0.23714,-0.84684,0,25.68538,86.66436,16.94282,1
2073,L_Finger2,-0.60661,-0.77503,-0.17705,0,-0.63533,0.60648,-0.47806,0,0.47789,-0.17751,-0.8603,0,27.18813,86.2111,15.32733,1
2073,L_Finger3,-0.61694,-0.7392,-0.27012,0,-0.61907,0.66773,-0.41339,0,0.48595,-0.08782,-0.86957,0,28.442,85.80687,13.49787,1
2073,L_Finger4,-0.6072,-0.7407,-0.28753,0,-0.62738,0.66901,-0.39852,0,0.48754,-0.06159,-0.87092,0,29.3182,85.41464,11.45613,1
2073,L_Finger11,-0.70137,0.47855,-0.52827,0,0.53053,0.84543,0.06148,0,0.47604,-0.23714,-0.84684,0,22.7452,82.83891,16.36128,1
2073,L_Finger21,-0.73744,0.45108,-0.50271,0,0.4773,0.87465,0.08466,0,0.47789,-0.17751,-0.8603,0,23.84057,81.93413,14.35028,1
2073,L_Finger31,-0.73823,0.49135,-0.46217,0,0.46785,0.86652,0.17394,0,0.48595,-0.08782,-0.86957,0,25.46194,82.23622,12.19309,1
2073,L_Finger41,-0.76358,0.45364,-0.45953,0,0.42339,0.88906,0.17414,0,0.48754,-0.06159,-0.87092,0,27.16655,82.78993,10.43725,1
2073,L_Foot,-0.01879,-0.99954,-0.02377,0,0.55419,-0.0302,0.83184,0,-0.83218,0.00246,0.55451,0,16.18266,8.36543,0.20695,1
2073,L_Forearm,0.18837,-0.87469,0.44658,0,0.16058,-0.42117,-0.89265,0,0.96888,0.23986,0.06112,0,20.41394,119.78833,-1.23811,1
2073,L_Hand,0.17158,-0.94164,0.2896,0,-0.86112,-0.28615,-0.42023,0,0.47857,-0.17728,-0.85996,0,25.75405,94.99107,11.42239,1
2073,L_Thigh,0.13276,-0.99099,-0.01775,0,0.18754,0.00753,0.98223,0,-0.97325,-0.13373,0.18685,0,6.15755,88.67724,5.46764,1
2073,L_Toe0,0.55473,-0.02353,0.8317,0,0.01483,0.99972,0.01839,0,-0.8319,0.00213,0.55492,0,22.90256,0.22728,10.32797,1
2073,L_UpperArm,0.24603,-0.96027,-0.13172,0,0.0271,0.14266,-0.9894,0,0.96888,0.23986,0.06112,0,13.50481,146.75475,2.46088,1
2073,Neck,-0.09697,0.99376,0.05509,0,0.04393,-0.05102,0.99773,0,0.99432,0.09917,-0.03871,0,-4.93746,148.31417,3.4293,1
2073,Pelvis,0.06617,0.99781,-1e-005,0,-2e-005,1e-005,1,0,0.99781,-0.06617,2e-005,0,-2.344,89.24102,5.46741,1
2073,R_Calf,0.02123,-0.99889,-0.04213,0,-0.02643,-0.04268,0.99874,0,-0.99943,-0.02009,-0.0273,0,-10.01907,50.86797,3.8677,1
2073,R_Clavicle,-0.95551,-0.28795,0.06396,0,-0.07271,0.01978,-0.99716,0,0.28586,-0.95744,-0.03984,0,-8.77623,147.13091,2.97048,1
2073,R_Finger0,0.23496,-0.92432,0.30072,0,-0.25733,-0.35749,-0.89777,0,0.93732,0.13356,-0.32185,0,-24.76107,85.09449,9.40065,1
2073,R_Finger01,0.08936,-0.98488,-0.14844,0,-0.33681,0.11037,-0.93508,0,0.93732,0.13356,-0.32185,0,-23.47505,80.03538,11.04658,1
2073,R_Finger1,0.26719,-0.96301,0.03497,0,0.8545,0.21999,-0.47057,0,0.44547,0.15561,0.88167,0,-27.02024,78.83784,10.08456,1
2073,R_Finger2,0.24031,-0.9702,-0.03103,0,0.85583,0.22685,-0.46485,0,0.45804,0.08516,0.88484,0,-28.46469,78.48164,8.39335,1
2073,R_Finger3,0.19791,-0.97392,-0.11092,0,0.85583,0.22685,-0.46485,0,0.4779,-0.00293,0.87841,0,-29.67077,78.24333,6.5036,1
2073,R_Finger4,0.18526,-0.97351,-0.13399,0,0.85583,0.22685,-0.46485,0,0.48294,-0.02855,0.87519,0,-30.50593,78.10335,4.41238,1
2073,R_Finger11,0.66414,-0.71784,-0.20886,0,0.6004,0.6786,-0.42312,0,0.44547,0.15561,0.88167,0,-25.72178,74.15789,10.25452,1
2073,R_Finger21,0.68364,-0.66998,-0.28941,0,0.56818,0.73748,-0.3651,0,0.45804,0.08516,0.88484,0,-27.13853,73.12764,8.22212,1
2073,R_Finger31,0.67274,-0.64178,-0.36815,0,0.56483,0.76688,-0.30473,0,0.4779,-0.00293,0.87841,0,-28.7148,73.53889,5.96781,1
2073,R_Finger41,0.63685,-0.67452,-0.37342,0,0.601,0.7377,-0.30757,0,0.48294,-0.02855,0.87519,0,-29.84943,74.65365,3.93757,1
2073,R_Foot,-0.00065,-0.99992,-0.01283,0,-0.17613,-0.01252,0.98429,0,-0.98437,0.0029,-0.1761,0,-9.12277,8.70115,2.0894,1
2073,R_Forearm,-0.07613,-0.96978,0.23181,0,-0.13299,-0.22053,-0.96627,0,0.98819,-0.10439,-0.11219,0,-26.07331,115.41365,-0.46823,1
2073,R_Hand,-0.04377,-0.99203,0.11813,0,0.88749,-0.09291,-0.45137,0,0.45875,0.08508,0.88448,0,-28.23157,87.92067,6.1035,1
2073,R_Thigh,0.0212,-0.99893,-0.04104,0,-0.02645,-0.04159,0.99878,0,-0.99943,-0.02009,-0.0273,0,-10.84554,89.80479,5.4672,1
2073,R_Toe0,-0.17599,-0.05588,0.9828,0,-0.00699,0.99843,0.05552,0,-0.98437,0.0029,-0.1761,0,-11.30987,0.77914,14.18403,1
2073,R_UpperArm,-0.12122,-0.98036,-0.15557,0,-0.09374,0.16733,-0.98143,0,0.98819,-0.10439,-0.11219,0,-22.66907,142.94422,3.90042,1
2073,Spine,0.03144,0.9995,0.00409,0,0.017,-0.00462,0.99984,0,0.99936,-0.03137,-0.01713,0,-2.40119,102.29195,2.54661,1
2073,Spine1,-0.09795,0.99481,0.02768,0,0.04091,-0.02376,0.99888,0,0.99435,0.09897,-0.03837,0,-1.91761,117.68089,2.59728,1
2073,Spine2,-0.09814,0.99479,0.02769,0,0.04126,-0.02373,0.99887,0,0.99432,0.09917,-0.03871,0,-3.42612,132.99761,3.01117,1
2074,Head,-0.07189,0.99681,0.03466,0,0.32086,-0.00979,0.94707,0,0.94439,0.0792,-0.31914,0,-5.94461,158.55044,3.99685,1
2074,L_Calf,0.1142,-0.98712,-0.11204,0,0.1994,-0.08771,0.97599,0,-0.97324,-0.1338,0.18681,0,11.36993,50.04944,4.94623,1
2074,L_Clavicle,0.99664,-0.08054,-0.01461,0,-0.01256,0.02581,-0.99959,0,0.08088,0.99642,0.02472,0,-0.99367,147.90895,2.66532,1
2074,L_Finger0,-0.27132,-0.91002,0.31345,0,0.32183,-0.3927,-0.86152,0,0.90709,-0.13287,0.39942,0,22.66951,92.32872,15.11913,1
2074,L_Finger01,-0.14068,-0.99001,-0.00985,0,0.39674,-0.04725,-0.91672,0,0.90709,-0.13287,0.39942,0,21.18446,87.34788,16.83478,1
2074,L_Finger1,-0.60454,-0.78744,-0.12032,0,-0.6388,0.56947,-0.51733,0,0.47589,-0.23588,-0.84728,0,25.72274,86.63986,16.86036,1
2074,L_Finger2,-0.60617,-0.77523,-0.1777,0,-0.63591,0.60659,-0.47715,0,0.47769,-0.17623,-0.86067,0,27.22519,86.18939,15.24382,1
2074,L_Finger3,-0.61655,-0.73931,-0.27072,0,-0.61966,0.66779,-0.41242,0,0.48568,-0.08653,-0.86984,0,28.47866,85.78802,13.41344,1
2074,L_Finger4,-0.60682,-0.74078,-0.28813,0,-0.62797,0.66904,-0.39754,0,0.48726,-0.0603,-0.87117,0,29.35437,85.39864,11.37094,1
2074,L_Finger11,-0.70188,0.47867,-0.52748,0,0.53,0.84571,0.06223,0,0.47589,-0.23588,-0.84728,0,22.78487,82.81312,16.27563,1
2074,L_Finger21,-0.73792,0.45115,-0.50194,0,0.47675,0.87487,0.08547,0,0.47769,-0.17623,-0.86067,0,23.88009,81.91131,14.26322,1
2074,L_Finger31,-0.73872,0.49138,-0.46135,0,0.46734,0.86664,0.17474,0,0.48568,-0.08653,-0.86984,0,25.50046,82.21687,12.10577,1
2074,L_Finger41,-0.76404,0.45365,-0.45874,0,0.42287,0.88914,0.17498,0,0.48726,-0.0603,-0.87117,0,27.20406,82.77365,10.34993,1
2074,L_Foot,-0.01954,-0.9995,-0.02478,0,0.55409,-0.03145,0.83186,0,-0.83223,0.00252,0.55443,0,16.19093,8.37939,0.2165,1
2074,L_Forearm,0.1891,-0.87506,0.44554,0,0.16053,-0.42007,-0.89318,0,0.96875,0.24042,0.06103,0,20.42284,119.78063,-1.28165,1
2074,L_Hand,0.1723,-0.94185,0.28849,0,-0.86109,-0.28624,-0.42023,0,0.47837,-0.17601,-0.86034,0,25.78391,94.97276,11.34921,1
2074,L_Thigh,0.13367,-0.99094,-0.01336,0,0.18691,0.01197,0.9823,0,-0.97324,-0.1338,0.18681,0,6.15962,88.67454,5.46689,1
2074,L_Toe0,0.55473,-0.02353,0.8317,0,0.01483,0.99972,0.01839,0,-0.8319,0.00213,0.55492,0,22.90382,0.22603,10.32993,1
2074,L_UpperArm,0.24662,-0.95994,-0.13299,0,0.02661,0.14388,-0.98924,0,0.96875,0.24042,0.06103,0,13.49728,146.73792,2.45293,1
2074,Neck,-0.09722,0.99374,0.05512,0,0.04438,-0.051,0.99771,0,0.99427,0.09944,-0.03914,0,-4.94324,148.31436,3.4291,1
2074,Pelvis,0.06658,0.99778,-1e-005,0,-5e-005,1e-005,1,0,0.99778,-0.06658,5e-005,0,-2.34169,89.24186,5.46641,1
2074,R_Calf,0.0212,-0.99889,-0.04211,0,-0.02646,-0.04266,0.99874,0,-0.99943,-0.02006,-0.02733,0,-10.01779,50.8723,3.86714,1
2074,R_Clavicle,-0.95545,-0.28806,0.06438,0,-0.07314,0.01975,-0.99713,0,0.28596,-0.95741,-0.03994,0,-8.78188,147.13004,2.97194,1
2074,R_Finger0,0.23496,-0.92409,0.30141,0,-0.25738,-0.35817,-0.89748,0,0.93731,0.13329,-0.322,0,-24.76513,85.09338,9.46969,1
2074,R_Finger01,0.08934,-0.98499,-0.14769,0,-0.33685,0.10966,-0.93515,0,0.93731,0.13329,-0.322,0,-23.47914,80.0355,11.11943,1
2074,R_Finger1,0.26717,-0.96299,0.0357,0,0.85448,0.21962,-0.47077,0,0.44551,0.15628,0.88153,0,-27.0244,78.83729,10.15849,1
2074,R_Finger2,0.24029,-0.97023,-0.0303,0,0.85582,0.22648,-0.46507,0,0.45808,0.08582,0.88476,0,-28.46894,78.47983,8.46762,1
2074,R_Finger3,0.19788,-0.97401,-0.11018,0,0.85582,0.22648,-0.46507,0,0.47794,-0.00227,0.87839,0,-29.67511,78.24011,6.57811,1
2074,R_Finger4,0.18524,-0.97362,-0.13326,0,0.85582,0.22648,-0.46507,0,0.48298,-0.02789,0.87519,0,-30.51037,78.09855,4.48705,1
2074,R_Finger11,0.66412,-0.71801,-0.20834,0,0.60039,0.67826,-0.42367,0,0.44551,0.15628,0.88153,0,-25.72603,74.15745,10.33197,1
2074,R_Finger21,0.68361,-0.67022,-0.28893,0,0.56818,0.73718,-0.36569,0,0.45808,0.08582,0.88476,0,-27.1429,73.12568,8.30043,1
2074,R_Finger31,0.67271,-0.64208,-0.36769,0,0.56483,0.76664,-0.30535,0,0.47794,-0.00227,0.87839,0,-28.71927,73.53523,6.04587,1
2074,R_Finger41,0.63681,-0.67482,-0.37294,0,0.601,0.73745,-0.30816,0,0.48298,-0.02789,0.87519,0,-29.85397,74.64847,4.01485,1
2074,R_Foot,-0.00065,-0.99992,-0.01283,0,-0.17613,-0.01252,0.98429,0,-0.98437,0.0029,-0.17611,0,-9.12287,8.70543,2.08959,1
2074,R_Forearm,-0.07614,-0.9696,0.23255,0,-0.13304,-0.22127,-0.9661,0,0.98818,-0.1045,-0.11215,0,-26.0772,115.40499,-0.42232,1
2074,R_Hand,-0.04379,-0.99194,0.11889,0,0.88747,-0.09327,-0.45134,0,0.45879,0.08575,0.8844,0,-28.23573,87.9171,6.17055,1
2074,R_Thigh,0.02117,-0.99893,-0.04102,0,-0.02648,-0.04157,0.99878,0,-0.99943,-0.02006,-0.02733,0,-10.843,89.80916,5.46595,1
2074,R_Toe0,-0.17599,-0.05588,0.9828,0,-0.00699,0.99843,0.05552,0,-0.98437,0.0029,-0.17611,0,-11.30998,0.78342,14.18421,1
2074,R_UpperArm,-0.12119,-0.98058,-0.1542,0,-0.09386,0.16597,-0.98165,0,0.98818,-0.1045,-0.11215,0,-22.67381,142.94171,3.90799,1
2074,Spine,0.03135,0.9995,0.00409,0,0.01712,-0.00463,0.99984,0,0.99936,-0.03127,-0.01726,0,-2.39888,102.29275,2.54551,1
2074,Spine1,-0.09812,0.99479,0.0277,0,0.04119,-0.02375,0.99887,0,0.99432,0.09915,-0.03864,0,-1.91672,117.68175,2.59618,1
2074,Spine2,-0.0984,0.99476,0.02772,0,0.04169,-0.02371,0.99885,0,0.99427,0.09944,-0.03914,0,-3.42792,132.99821,3.01045,1
2075,Head,-0.08209,0.99625,0.02724,0,0.32052,0.00051,0.94724,0,0.94368,0.08649,-0.31936,0,-5.95457,158.55034,3.99667,1
2075,L_Calf,0.11356,-0.9868,-0.11545,0,0.19975,-0.09115,0.9756,0,-0.97324,-0.13386,0.18677,0,11.40314,50.04912,5.09565,1
2075,L_Clavicle,0.99652,-0.082,-0.01507,0,-0.01299,0.02581,-0.99958,0,0.08235,0.9963,0.02466,0,-1.00084,147.91045,2.66274,1
2075,L_Finger0,-0.27047,-0.91064,0.31237,0,0.32177,-0.39131,-0.86217,0,0.90736,-0.13268,0.39886,0,22.70885,92.30012,15.03067,1
2075,L_Finger01,-0.1399,-0.9901,-0.0111,0,0.39638,-0.04573,-0.91695,0,0.90736,-0.13268,0.39886,0,21.22845,87.31586,16.74037,1
2075,L_Finger1,-0.60397,-0.78776,-0.1211,0,-0.63947,0.56965,-0.51631,0,0.47571,-0.23439,-0.8478,0,25.7673,86.61138,16.76309,1
2075,L_Finger2,-0.60563,-0.77548,-0.17846,0,-0.63659,0.60672,-0.47607,0,0.47746,-0.17472,-0.86111,0,27.26942,86.16422,15.14532,1
2075,L_Finger3,-0.61609,-0.73944,-0.27143,0,-0.62036,0.66784,-0.41127,0,0.48538,-0.085,-0.87016,0,28.52243,85.76627,13.31388,1
2075,L_Finger4,-0.60636,-0.74087,-0.28885,0,-0.62867,0.66907,-0.39639,0,0.48694,-0.05876,-0.87146,0,29.39757,85.38027,11.2705,1
2075,L_Finger11,-0.70248,0.47882,-0.52655,0,0.52936,0.84605,0.06312,0,0.47571,-0.23439,-0.8478,0,22.83219,82.7831,16.17456,1
2075,L_Finger21,-0.73849,0.45123,-0.50103,0,0.4761,0.87514,0.08642,0,0.47746,-0.17472,-0.86111,0,23.92727,81.88481,14.16048,1
2075,L_Finger31,-0.7393,0.4914,-0.46039,0,0.46673,0.86677,0.17568,0,0.48538,-0.085,-0.87016,0,25.54649,82.1945,12.00276,1
2075,L_Finger41,-0.76459,0.45365,-0.45782,0,0.42224,0.88924,0.17597,0,0.48694,-0.05876,-0.87146,0,27.24891,82.75494,10.24693,1
2075,L_Foot,-0.02021,-0.99947,-0.02566,0,0.55398,-0.03255,0.8319,0,-0.83229,0.0026,0.55434,0,16.19713,8.39255,0.22198,1
2075,L_Forearm,0.18998,-0.8755,0.4443,0,0.16048,-0.41876,-0.8938,0,0.96858,0.24111,0.06094,0,20.43357,119.77188,-1.33289,1
2075,L_Hand,0.17317,-0.9421,0.28717,0,-0.86104,-0.28637,-0.42024,0,0.47815,-0.17449,-0.86077,0,25.81956,94.9516,11.26292,1
2075,L_Thigh,0.13446,-0.99087,-0.00949,0,0.18633,0.01587,0.98236,0,-0.97324,-0.13386,0.18677,0,6.16217,88.67181,5.46567,1
2075,L_Toe0,0.55473,-0.02353,0.8317,0,0.01483,0.99972,0.01839,0,-0.8319,0.00213,0.55492,0,22.90336,0.22581,10.32902,1
2075,L_UpperArm,0.24732,-0.95956,-0.13448,0,0.02605,0.14533,-0.98904,0,0.96858,0.24111,0.06094,0,13.48828,146.71825,2.44362,1
2075,Neck,-0.09751,0.9937,0.05516,0,0.04489,-0.05098,0.99769,0,0.99422,0.09976,-0.03964,0,-4.95016,148.31456,3.42847,1
2075,Pelvis,0.06702,0.99775,-2e-005,0,-0.0001,3e-005,1,0,0.99775,-0.06702,0.0001,0,-2.3389,89.24285,5.4648,1
2075,R_Calf,0.02116,-0.99889,-0.04208,0,-0.02651,-0.04264,0.99874,0,-0.99942,-0.02002,-0.02738,0,-10.01627,50.87695,3.86618,1
2075,R_Clavicle,-0.95538,-0.28817,0.06486,0,-0.07364,0.01972,-0.99709,0,0.28605,-0.95738,-0.04007,0,-8.78865,147.129,2.97323,1
2075,R_Finger0,0.23495,-0.92381,0.30228,0,-0.25743,-0.35902,-0.89713,0,0.9373,0.13296,-0.32217,0,-24.7701,85.09258,9.55385,1
2075,R_Finger01,0.0893,-0.98513,-0.14676,0,-0.33689,0.10878,-0.93524,0,0.9373,0.13296,-0.32217,0,-23.48415,80.03625,11.20833,1
2075,R_Finger1,0.26715,-0.96296,0.0366,0,0.85447,0.21915,-0.47102,0,0.44556,0.1571,0.88136,0,-27.02949,78.8372,10.2487,1
2075,R_Finger2,0.24027,-0.97026,-0.02939,0,0.8558,0.22601,-0.46532,0,0.45813,0.08665,0.88465,0,-28.47412,78.47818,8.55824,1
2075,R_Finger3,0.19785,-0.97412,-0.10927,0,0.8558,0.22601,-0.46532,0,0.47798,-0.00145,0.87837,0,-29.68039,78.2367,6.66902,1
2075,R_Finger4,0.18521,-0.97375,-0.13234,0,0.8558,0.22601,-0.46532,0,0.48302,-0.02708,0.87519,0,-30.51575,78.09316,4.57813,1
